Company.name,Company Business,owler corrrectionn,Category,Company Revenue,Competitor count (cap at 10),Competitor Revenue in Total,HHI,crawl_tried,potential crawl failing point,notes,competitors revenue 1,competitors revenue 2,competitors revenue 3,competitors revenue 4,competitors revenue 5,competitors revenue 6,competitors revenue 7,competitors revenue 8,competitors revenue 9,competitors revenue 10
buildingrobotics,,,,,0,0.0,,0,0,,0.0,0.0,0.0,0.0,0.0,0.0,0.0,0.0,0.0,0.0
medicalsimulation,,medsimulation,,10.7,10,36076.2,0.25777480476635223,0,0,,10.0,16.3,7100.0,12200.0,10300.0,995.0,1.0,21.7,32.2,5400.0
cancergenetics,,,,24.2,10,652.2,0.4627501417371497,0,0,,3.8,1.0,394.1,3.7,1.0,28.2,3.5,6.5,9.0,201.4
kindredbiosciences,,kindredbio,,,0,0.0,,0,0,,0.0,0.0,0.0,0.0,0.0,0.0,0.0,0.0,0.0,0.0
topgifter,,,,2.6,6,82.5,0.326574839302112,0,0,,3.3,3.6,37.6,25.7,11.1,1.2,0.0,0.0,0.0,0.0
itnenergysystems,,itnes,,,0,0.0,,0,0,,0.0,0.0,0.0,0.0,0.0,0.0,0.0,0.0,0.0,0.0
pica9,,,,7.0,10,214.8,0.1875244911901071,0,0,,31.1,70.3,35.0,10.0,5.1,1.1,4.4,29.4,7.0,21.4
livelyformerlyhamlet,,,,,0,0.0,,0,0,,0.0,0.0,0.0,0.0,0.0,0.0,0.0,0.0,0.0,0.0
actionx,,,,1.0,8,3477.9,0.47924416115013696,0,0,,300.0,2300.0,234.2,1.4,12.0,601.0,4.4,24.9,0.0,0.0
forgerock,,,,73.8,10,388.3,0.18483064612885966,0,0,,66.3,33.5,11.0,20.0,47.0,74.5,1.0,8.0,9.0,118.0
nakivo,,,,19.0,10,6798.4,0.5260740628213103,0,0,,999.2,11.4,94.1,440.6,181.1,194.1,35.3,27.6,4800.0,15.0
bobler,,,,,0,0.0,,0,0,,0.0,0.0,0.0,0.0,0.0,0.0,0.0,0.0,0.0,0.0
smartenergyinstruments,,se-instruments,,1.0,1,12.0,0.8579881656804734,0,0,,12.0,0.0,0.0,0.0,0.0,0.0,0.0,0.0,0.0,0.0
cytogelpharma,,,,43.5,4,719.3,0.9318264553859296,0,0,,4.4,3.0,694.1,17.8,0.0,0.0,0.0,0.0,0.0,0.0
invine,,,,,0,0.0,,0,0,,0.0,0.0,0.0,0.0,0.0,0.0,0.0,0.0,0.0,0.0
shake,,,,,0,0.0,,0,0,,0.0,0.0,0.0,0.0,0.0,0.0,0.0,0.0,0.0,0.0
firstfunder,,,,,0,0.0,,0,0,,0.0,0.0,0.0,0.0,0.0,0.0,0.0,0.0,0.0,0.0
regulatorybinder,,,,,0,0.0,,0,0,,0.0,0.0,0.0,0.0,0.0,0.0,0.0,0.0,0.0,0.0
stroho,,,,,0,0.0,,0,0,,0.0,0.0,0.0,0.0,0.0,0.0,0.0,0.0,0.0,0.0
outboundengine,,,,31.2,10,499.9,0.17552040113963982,0,0,,27.0,150.0,65.9,109.7,12.0,11.0,22.2,31.6,32.5,38.0
fidelissecuritysystems,,,,,0,0.0,,0,0,,0.0,0.0,0.0,0.0,0.0,0.0,0.0,0.0,0.0,0.0
capzure,,,,1.0,1,3.9,0.6751353602665556,0,0,,3.9,0.0,0.0,0.0,0.0,0.0,0.0,0.0,0.0,0.0
trusper,,,,,0,0.0,,0,0,,0.0,0.0,0.0,0.0,0.0,0.0,0.0,0.0,0.0,0.0
birdhouseforautism,,,,,0,0.0,,0,0,,0.0,0.0,0.0,0.0,0.0,0.0,0.0,0.0,0.0,0.0
tixalert,,,,,0,0.0,,0,0,,0.0,0.0,0.0,0.0,0.0,0.0,0.0,0.0,0.0,0.0
8bitfit,,,,,0,0.0,,0,0,,0.0,0.0,0.0,0.0,0.0,0.0,0.0,0.0,0.0,0.0
quantason,,,,,0,0.0,,0,0,,0.0,0.0,0.0,0.0,0.0,0.0,0.0,0.0,0.0,0.0
loopport,,,,,0,0.0,,0,0,,0.0,0.0,0.0,0.0,0.0,0.0,0.0,0.0,0.0,0.0
utahstreetlabs,,,,,0,0.0,,0,0,,0.0,0.0,0.0,0.0,0.0,0.0,0.0,0.0,0.0,0.0
bitscopic,,,,,0,0.0,,0,0,,0.0,0.0,0.0,0.0,0.0,0.0,0.0,0.0,0.0,0.0
datatorrent,,,,2.8,10,78.3,0.18155112879206772,0,0,,8.5,2.4,4.5,2.0,10.9,20.0,1.0,21.0,1.0,7.0
investmentunderground,,,,,0,0.0,,0,0,,0.0,0.0,0.0,0.0,0.0,0.0,0.0,0.0,0.0,0.0
clicdata,,,,1.0,10,3084.3,0.29422509019112625,0,0,,34.0,113.2,1200.0,10.0,3.9,3.0,13.5,92.5,678.1,936.1
wwire,,,,,0,0.0,,0,0,,0.0,0.0,0.0,0.0,0.0,0.0,0.0,0.0,0.0,0.0
eccentexcorporation,,,,1.0,0,0.0,1.0,0,0,,0.0,0.0,0.0,0.0,0.0,0.0,0.0,0.0,0.0,0.0
stationx,,stationxinc,,5.9,10,18761.3,0.9518723476426136,0,0,,10.5,5.0,4.6,19.8,6.4,5.6,394.1,12.5,18300.0,2.8
gamificationorg,,,,,0,0.0,,0,0,,0.0,0.0,0.0,0.0,0.0,0.0,0.0,0.0,0.0,0.0
celsion,,,,1.0,10,444.3,0.20330599679872327,0,0,,63.8,20.0,143.8,47.7,5.0,20.0,3.2,106.0,2.7,32.1
beamzinteractive,,,,,0,0.0,,0,0,,0.0,0.0,0.0,0.0,0.0,0.0,0.0,0.0,0.0,0.0
nobleapplications,,,,,0,0.0,,0,0,,0.0,0.0,0.0,0.0,0.0,0.0,0.0,0.0,0.0,0.0
fingo,,,,,0,0.0,,0,0,,0.0,0.0,0.0,0.0,0.0,0.0,0.0,0.0,0.0,0.0
worthit,,,,1.0,10,135.1,0.16405919128906898,0,0,,3.0,2.3,30.4,12.5,17.7,11.1,32.8,18.9,1.0,5.4
nexb,,,,4.0,9,139.9,0.17899592325979805,0,0,,37.5,8.0,9.7,3.6,9.5,11.0,17.6,6.0,37.0,0.0
keenjar,,,,,0,0.0,,0,0,,0.0,0.0,0.0,0.0,0.0,0.0,0.0,0.0,0.0,0.0
qumulo,,,,22.8,10,11231.9,0.6995685527502536,0,0,,30.6,3.0,29.3,12.0,50.0,1.0,9200.0,5.0,1900.0,1.0
soundbetter,,,,7.0,9,66.1,0.2348136161914854,0,0,,5.0,3.0,1.0,27.6,3.5,2.4,3.8,10.5,9.3,0.0
maxmytv,,,,,0,0.0,,0,0,,0.0,0.0,0.0,0.0,0.0,0.0,0.0,0.0,0.0,0.0
fitstar,,,,4.0,8,68.5,0.4490915871916458,0,0,,3.0,3.0,5.0,3.5,3.0,3.0,3.0,45.0,0.0,0.0
infernoredtechnology,,,,,0,0.0,,0,0,,0.0,0.0,0.0,0.0,0.0,0.0,0.0,0.0,0.0,0.0
mytraining,,,,,0,0.0,,0,0,,0.0,0.0,0.0,0.0,0.0,0.0,0.0,0.0,0.0,0.0
isitechnology,,,,,0,0.0,,0,0,,0.0,0.0,0.0,0.0,0.0,0.0,0.0,0.0,0.0,0.0
gliffy,,,,5.2,10,102.4,0.22992897033691406,0,0,,3.5,21.2,41.5,1.0,2.9,5.9,4.1,7.1,7.4,7.8
flowserve,,,,3800.0,10,103681.6,0.8643376261213734,0,0,,123.7,1500.0,3200.0,7.1,10.0,13.5,96300.0,181.7,2300.0,45.6
king2,,,,,0,0.0,,0,1,,0.0,0.0,0.0,0.0,0.0,0.0,0.0,0.0,0.0,0.0
pathfinderhealth,,,,,0,0.0,,0,1,,0.0,0.0,0.0,0.0,0.0,0.0,0.0,0.0,0.0,0.0
rethinkeducation,,,,,0,0.0,,0,1,,0.0,0.0,0.0,0.0,0.0,0.0,0.0,0.0,0.0,0.0
bionanovations,,,,,0,0.0,,0,1,,0.0,0.0,0.0,0.0,0.0,0.0,0.0,0.0,0.0,0.0
snapmyad,,snapmyad,,,0,0.0,,0,1,,0.0,0.0,0.0,0.0,0.0,0.0,0.0,0.0,0.0,0.0
maxwellhealth,,maxwellhealth,,6.0,10,569.3,0.26197635815756926,0,1,,80.0,2.0,45.2,46.4,12.0,258.7,25.0,12.5,7.5,80.0
menloparksoftware,,,,,0,0.0,,0,1,,0.0,0.0,0.0,0.0,0.0,0.0,0.0,0.0,0.0,0.0
filmfunder,,,,,0,0.0,,0,1,,0.0,0.0,0.0,0.0,0.0,0.0,0.0,0.0,0.0,0.0
dfmsim,,,,,0,0.0,,0,1,,0.0,0.0,0.0,0.0,0.0,0.0,0.0,0.0,0.0,0.0
logicalchoicetechnologies,,logicalchoice,,24.3,9,418.5,0.32037974846160766,0,1,,90.0,47.8,10.0,1.1,9.0,7.5,209.5,39.8,3.8,0.0
codehs,,,,25.8,10,248.7,0.4905038164680706,0,0,,6.0,3.0,4.0,1.0,5.0,48.3,166.8,8.0,5.6,1.0
snapshots,,,,1.0,8,783.4,0.5236179118548012,0,0,,12.0,40.0,65.0,24.7,50.0,27.6,558.1,6.0,0.0,0.0
vendorsi,,,,,0,0.0,,0,0,,0.0,0.0,0.0,0.0,0.0,0.0,0.0,0.0,0.0,0.0
democrasoft,,,,,0,0.0,,0,0,,0.0,0.0,0.0,0.0,0.0,0.0,0.0,0.0,0.0,0.0
collectit,,,,,0,0.0,,0,0,,0.0,0.0,0.0,0.0,0.0,0.0,0.0,0.0,0.0,0.0
insidesalescom,,,,,0,0.0,,0,0,,0.0,0.0,0.0,0.0,0.0,0.0,0.0,0.0,0.0,0.0
brookstone,,,,117.7,10,878.8,0.2212897796453102,0,0,,10.0,305.0,180.0,137.1,9.9,18.5,150.0,60.0,5.5,2.8
simplyinsured,,,,1.0,10,280.1,0.3976405376720024,0,0,,3.8,2.0,6.0,13.3,4.2,156.4,80.0,8.0,2.0,4.4
pheebo,,,,,0,0.0,,0,0,,0.0,0.0,0.0,0.0,0.0,0.0,0.0,0.0,0.0,0.0
emergefinancialwellness,,,,10.0,10,7007.0,0.4869813523547544,0,0,,1.0,109.2,70.0,6.4,1500.0,9.6,694.8,7.5,8.5,4600.0
yogatrail,,,,8.0,9,78.0,0.23899079552925706,0,0,,6.0,3.5,26.4,1.0,10.0,5.0,1.0,24.1,1.0,0.0
yrmrkt,,,,,0,0.0,,0,0,,0.0,0.0,0.0,0.0,0.0,0.0,0.0,0.0,0.0,0.0
cureeo,,,,12.5,9,273.9,0.549532725478568,0,0,,10.0,29.9,1.7,3.4,7.5,6.6,5.3,9.5,200.0,0.0
insightly,,insightly,,14.0,9,2545.3,0.5866126716594788,0,0,,7.0,1900.0,42.0,1.0,3.4,1.8,103.9,70.5,415.7,0.0
ocztechnology,,ocz,,131.7,8,121.8,0.2002920074093847,0,0,,2.8,6.1,5.0,22.8,30.6,29.3,1.0,24.2,0.0,0.0
nuvustudio,,,,,0,0.0,,0,0,,0.0,0.0,0.0,0.0,0.0,0.0,0.0,0.0,0.0,0.0
coub,,,,,0,0.0,,0,0,,0.0,0.0,0.0,0.0,0.0,0.0,0.0,0.0,0.0,0.0
positrondynamics,,,,,0,0.0,,0,0,,0.0,0.0,0.0,0.0,0.0,0.0,0.0,0.0,0.0,0.0
formzapper,,formzapper,,,0,0.0,,0,0,,0.0,0.0,0.0,0.0,0.0,0.0,0.0,0.0,0.0,0.0
repairreport,,,,,0,0.0,,0,0,,0.0,0.0,0.0,0.0,0.0,0.0,0.0,0.0,0.0,0.0
owncloud,,,,4.4,10,175.3,0.24831655227823934,0,0,,8.0,16.5,80.0,15.0,7.4,2.7,12.0,18.0,10.7,5.0
lassomedia,,,,,0,0.0,,0,0,,0.0,0.0,0.0,0.0,0.0,0.0,0.0,0.0,0.0,0.0
pfsweb,,,,325.8,10,234553.7,0.2360833940539352,0,0,,15.7,40100.0,33.2,4.8,4000.0,79600.0,58500.0,38800.0,8900.0,4600.0
hapyak,,,,1.0,10,78.3,0.2426091481008467,0,0,,1.0,8.0,12.0,2.0,3.3,1.4,33.8,2.4,5.0,9.4
mark43,,,,5.6,10,1818.8,0.4047718574453104,0,0,,11.3,3.0,10.0,935.3,25.0,2.0,5.1,50.0,106.7,670.4
smartcoffeetechnology,,,,,0,0.0,,0,0,,0.0,0.0,0.0,0.0,0.0,0.0,0.0,0.0,0.0,0.0
infocheckpoint,,,,1.0,10,356.1,0.2268909630611698,0,0,,5.0,84.4,18.0,6.1,16.1,114.7,87.3,12.0,5.0,7.5
wondermall,,,,,0,0.0,,0,0,,0.0,0.0,0.0,0.0,0.0,0.0,0.0,0.0,0.0,0.0
sphynkxtherapeutics,,,,,0,0.0,,0,0,,0.0,0.0,0.0,0.0,0.0,0.0,0.0,0.0,0.0,0.0
rijuven,,,,3.0,10,31.0,0.17001040582726326,0,0,,1.2,2.0,4.0,4.0,4.0,10.0,1.0,1.3,1.0,2.5
brushfireinteractive,,,,4.1,9,384.4,0.39910949507374494,0,0,,10.0,4.0,1.0,102.5,218.3,4.9,12.1,19.4,12.2,0.0
seekretreat,,,,12.0,4,28.2,0.727453347417132,0,0,,23.9,1.0,1.0,2.3,0.0,0.0,0.0,0.0,0.0,0.0
absolutdata,,,,25.0,10,78672.1,0.4048990259779179,0,0,,30.1,3.0,4.0,10200.0,8.5,12.5,9.0,39800.0,28600.0,5.0
aayuja,,,,1.7,10,125.2,0.16694183874490912,0,0,,23.4,13.1,1.0,1.0,35.0,9.0,2.9,11.8,19.0,9.0
haload,,,,,0,0.0,,0,0,,0.0,0.0,0.0,0.0,0.0,0.0,0.0,0.0,0.0,0.0
poppin,,,,63.6,10,252951.0,0.37653901556596364,0,0,,10.0,2.8,10.0,25.0,3.2,20200.0,52000.0,141700.0,11100.0,27900.0
appcurious,,,,,0,0.0,,0,0,,0.0,0.0,0.0,0.0,0.0,0.0,0.0,0.0,0.0,0.0
adbrain,,,,1.0,7,9652.9,0.5720328612307504,0,0,,2900.0,2.5,30.0,1.0,6700.0,15.0,4.4,0.0,0.0,0.0
maventusmedia,,,,,0,0.0,,0,0,,0.0,0.0,0.0,0.0,0.0,0.0,0.0,0.0,0.0,0.0
everwise,,geteverwise,,3.5,10,596.6,0.7960983847568898,0,0,,4.5,10.0,16.7,16.0,2.0,1.0,2.8,3.0,531.6,9.0
deepforestmedia,,,,4.4,10,461.2,0.4979725013144939,0,0,,3.3,6.0,6.1,85.6,2.4,15.7,9.7,7.9,11.5,313.0
mindplatetv,,,,,0,0.0,,0,0,,0.0,0.0,0.0,0.0,0.0,0.0,0.0,0.0,0.0,0.0
zergnet,,,,2.9,10,184.3,0.39844417247705016,0,0,,1.0,15.1,5.0,10.0,20.0,8.5,4.0,112.5,3.2,5.0
sesamii,,,,,0,0.0,,0,0,,0.0,0.0,0.0,0.0,0.0,0.0,0.0,0.0,0.0,0.0
crowdsupply,,,,3.2,10,214.4,0.21472453497438182,0,0,,19.4,34.6,5.0,23.0,83.1,7.7,6.5,5.0,26.4,3.7
albaorbital,,,,,0,0.0,,0,0,,0.0,0.0,0.0,0.0,0.0,0.0,0.0,0.0,0.0,0.0
celebcalls,,,,,0,0.0,,0,0,,0.0,0.0,0.0,0.0,0.0,0.0,0.0,0.0,0.0,0.0
ultralinqhealthcaresolutions,,,,10.0,10,308.5,0.5834077685459784,0,0,,7.0,5.5,10.0,234.2,5.0,12.0,10.3,10.0,10.0,4.5
parametric,,parametricportfolio,,27.1,10,39251.2,0.5634702539563831,0,0,,25.0,6.6,40.1,20.0,15.5,35.0,8500.0,2500.0,28100.0,9.0
higherlearningtechnologies,,hltcorp,,3.0,9,2247.9,0.874824447021935,0,0,,8.0,3.0,2.4,100.0,12.0,1.0,17.1,2100.0,4.4,0.0
ovascience,,,,1.0,9,121.5,0.22985859201679962,0,0,,49.0,10.0,22.0,1.0,4.3,6.0,15.7,9.5,4.0,0.0
908devices,,908devices,,4.4,10,10380.8,0.36999668807108893,0,0,,25.0,8.0,9.7,7.0,16.1,5.0,10.0,1900.0,3500.0,4900.0
versanetworks,,versa-networks,,10.0,10,52182.0,0.948184008138634,0,0,,15.8,7.0,6.5,16.3,96.7,35.0,1100.0,80.0,50800.0,24.7
socialhighrise,,,,,0,0.0,,0,0,,0.0,0.0,0.0,0.0,0.0,0.0,0.0,0.0,0.0,0.0
everstring,,,,20.0,10,327.9,0.3104204200936379,0,0,,30.0,4.8,152.1,93.1,21.4,4.4,2.8,10.0,8.0,1.3
easypaint,,,,,0,0.0,,0,0,,0.0,0.0,0.0,0.0,0.0,0.0,0.0,0.0,0.0,0.0
ferevo,,,,,0,0.0,,0,0,,0.0,0.0,0.0,0.0,0.0,0.0,0.0,0.0,0.0,0.0
collegesnackattack,,,,,0,0.0,,0,0,,0.0,0.0,0.0,0.0,0.0,0.0,0.0,0.0,0.0,0.0
boxcat,,box-cat,,1.4,6,7.2,0.18171296296296297,0,0,,1.1,1.0,1.0,1.1,1.0,2.0,0.0,0.0,0.0,0.0
ebuybit,,,,4.3,4,30.5,0.4587261488847084,0,0,,1.0,11.2,1.0,17.3,0.0,0.0,0.0,0.0,0.0,0.0
bakesale,,,,,0,0.0,,0,0,,0.0,0.0,0.0,0.0,0.0,0.0,0.0,0.0,0.0,0.0
monsieur,,,,,0,0.0,,0,0,,0.0,0.0,0.0,0.0,0.0,0.0,0.0,0.0,0.0,0.0
appcard,,,,1.0,10,50.4,0.1753747795414462,0,0,,16.0,5.0,2.0,4.0,1.7,2.0,9.7,3.5,1.0,5.5
lumate,,,,5.0,8,300.7,0.8679215297329178,0,0,,2.6,3.0,5.0,1.6,1.0,2.1,280.0,5.4,0.0,0.0
citynotes,,,,,0,0.0,,0,0,,0.0,0.0,0.0,0.0,0.0,0.0,0.0,0.0,0.0,0.0
modsystems,,,,,0,0.0,,0,0,,0.0,0.0,0.0,0.0,0.0,0.0,0.0,0.0,0.0,0.0
jibo,,,,10.0,10,52.3,0.17957510903779855,0,0,,3.0,5.2,5.4,1.0,5.0,15.7,12.0,1.5,2.5,1.0
tagthiscar,,,,,0,0.0,,0,0,,0.0,0.0,0.0,0.0,0.0,0.0,0.0,0.0,0.0,0.0
windforceventures,,,,,0,0.0,,0,0,,0.0,0.0,0.0,0.0,0.0,0.0,0.0,0.0,0.0,0.0
genapsys,,,,6.0,9,3421.8,0.9306987467567791,0,0,,5.0,5.0,10.0,84.0,3.6,4.2,5.0,3300.0,5.0,0.0
campthat,,,,,0,0.0,,0,0,,0.0,0.0,0.0,0.0,0.0,0.0,0.0,0.0,0.0,0.0
proxtome,,,,4.6,10,13391.3,0.3312975575440234,0,0,,1500.0,317.4,1.0,5.1,4800.0,5800.0,103.2,500.0,20.0,344.6
persimmontechnologies,,persimmontech,,5.0,9,5717.8,0.35395532955738984,0,0,,5.0,15.0,20.0,117.8,20.0,602.7,2800.0,337.3,1800.0,0.0
mobilesystem7,,,,1.9,10,18894.3,0.3102014483794484,0,0,,4.0,48.6,3000.0,2200.0,8700.0,53.0,193.2,87.5,4600.0,8.0
socialtagg,,,,,0,0.0,,0,0,,0.0,0.0,0.0,0.0,0.0,0.0,0.0,0.0,0.0,0.0
plasmasi,,,,,0,0.0,,0,0,,0.0,0.0,0.0,0.0,0.0,0.0,0.0,0.0,0.0,0.0
tascet,,,,,0,0.0,,0,0,,0.0,0.0,0.0,0.0,0.0,0.0,0.0,0.0,0.0,0.0
peerim,,,,,0,0.0,,0,0,,0.0,0.0,0.0,0.0,0.0,0.0,0.0,0.0,0.0,0.0
nexamp,,,,11.3,9,258.7,0.20703514599550635,0,0,,11.2,6.0,80.0,70.8,9.2,15.0,32.5,4.0,30.0,0.0
cdnsumo,,,,,0,0.0,,0,0,,0.0,0.0,0.0,0.0,0.0,0.0,0.0,0.0,0.0,0.0
over40females,,,,,0,0.0,,0,0,,0.0,0.0,0.0,0.0,0.0,0.0,0.0,0.0,0.0,0.0
awesomenesstv,,,,4.0,10,169.3,0.24991931964040806,0,0,,75.0,3.3,10.0,10.0,8.0,29.9,14.0,5.0,12.0,2.1
zeuss,,,,1.0,9,3317.8,0.3744409894105567,0,0,,297.8,3.0,4.5,5.0,180.0,1600.0,1200.0,2.5,25.0,0.0
propertycapsule,,,,4.6,5,191.5,0.21071600460838918,0,0,,25.3,33.5,51.0,44.5,37.2,0.0,0.0,0.0,0.0,0.0
finalsite,,,,8.0,10,1073.6,0.4646942554098804,0,0,,7.5,3.5,9.0,5.0,209.5,39.8,3.8,694.5,15.0,86.0
lstn,,,,,0,0.0,,0,0,,0.0,0.0,0.0,0.0,0.0,0.0,0.0,0.0,0.0,0.0
timely,,gettimely,,6.1,7,42.5,0.17268373702422146,0,0,,8.5,8.5,4.5,1.0,6.2,9.4,4.4,0.0,0.0,0.0
laicos,,,,,0,0.0,,0,0,,0.0,0.0,0.0,0.0,0.0,0.0,0.0,0.0,0.0,0.0
hellofresh,,hellofreshgroup,,10.0,9,1125.6,0.4113273994531354,0,0,,17.0,10.0,255.0,25.0,15.4,3.0,52.6,667.6,80.0,0.0
seeforge,,,,,0,0.0,,0,0,,0.0,0.0,0.0,0.0,0.0,0.0,0.0,0.0,0.0,0.0
zubie,,,,5.0,10,280.8,0.35365150242286997,0,0,,6.0,4.0,3.0,4.5,1.3,1.0,9.0,48.0,150.0,54.0
savveo,,,,,0,0.0,,0,0,,0.0,0.0,0.0,0.0,0.0,0.0,0.0,0.0,0.0,0.0
truelens,,,,7.3,10,182.8,0.2054462793693051,0,0,,7.5,5.0,44.4,63.4,7.4,20.3,8.3,5.0,11.5,10.0
mobiley,,,,,0,0.0,,0,0,,0.0,0.0,0.0,0.0,0.0,0.0,0.0,0.0,0.0,0.0
protostarpartners,,,,,0,0.0,,0,0,,0.0,0.0,0.0,0.0,0.0,0.0,0.0,0.0,0.0,0.0
optionscitysoftware,,optionscity,,6.1,8,124.8,0.2389554055719921,0,0,,6.0,20.0,1.0,5.5,50.0,24.3,10.0,8.0,0.0,0.0
keiretsuforum,,,,5.3,8,47.4,0.19517883530061067,0,0,,8.2,14.8,5.6,1.0,4.6,2.0,9.6,1.6,0.0,0.0
humannetworklabs,,,,,0,0.0,,0,0,,0.0,0.0,0.0,0.0,0.0,0.0,0.0,0.0,0.0,0.0
transbiotec,,tbt,,,0,0.0,,0,0,,0.0,0.0,0.0,0.0,0.0,0.0,0.0,0.0,0.0,0.0
genesisfinancialsolutions,,genesis-fs,,5.9,10,2362.8,0.44343475469575266,0,0,,876.3,130.5,16.5,16.2,4.3,2.0,1300.0,2.0,10.0,5.0
edisonventures,,,,,0,0.0,,0,0,,0.0,0.0,0.0,0.0,0.0,0.0,0.0,0.0,0.0,0.0
cloudtags,,,,5.8,10,136336.2,0.998003211188704,0,0,,5.0,45.7,38.0,5.0,11.5,5.0,136200.0,10.0,12.0,4.0
gryphonnetworks,,,,28.0,10,10498.1,0.9441812980979557,0,0,,52.5,50.0,12.7,45.1,9.0,3.3,13.0,10200.0,102.5,10.0
cyanto,,,,,0,0.0,,0,0,,0.0,0.0,0.0,0.0,0.0,0.0,0.0,0.0,0.0,0.0
projecteve,,projecteve,,,0,0.0,,0,0,,0.0,0.0,0.0,0.0,0.0,0.0,0.0,0.0,0.0,0.0
clickquotesave,,,,1.0,9,4646.2,0.5422656444703283,0,0,,477.2,48.0,5.0,764.9,20.0,3300.0,20.0,6.1,5.0,0.0
overdog,,,,,0,0.0,,0,0,,0.0,0.0,0.0,0.0,0.0,0.0,0.0,0.0,0.0,0.0
keyme,,,,3.0,3,78.0,0.47115384615384615,0,0,,35.5,2.5,40.0,0.0,0.0,0.0,0.0,0.0,0.0,0.0
beatneek,,,,,0,0.0,,0,0,,0.0,0.0,0.0,0.0,0.0,0.0,0.0,0.0,0.0,0.0
catapultdesign,,,,5.0,10,139.0,0.14851612235391543,0,0,,1.0,13.3,11.7,29.0,14.8,6.6,24.7,6.2,28.1,3.6
waveplay,,waveplayllc,,4.6,7,87.0,0.3331087329898269,0,0,,1.0,44.5,3.5,1.9,18.7,5.3,12.1,0.0,0.0,0.0
lightarrow,,,,,0,0.0,,0,0,,0.0,0.0,0.0,0.0,0.0,0.0,0.0,0.0,0.0,0.0
cadcrowd,,,,1.0,10,388.0,0.4634831012860028,0,0,,256.5,13.6,9.0,6.0,50.3,5.4,5.0,1.0,9.5,31.7
sumzero,,,,7.0,9,9794.4,0.9808543737658411,0,0,,15.0,8.3,2.0,3.8,1.0,57.3,1.9,5.1,9700.0,0.0
getafive,,,,,0,0.0,,0,0,,0.0,0.0,0.0,0.0,0.0,0.0,0.0,0.0,0.0,0.0
pharosinnovations,,,,,0,0.0,,0,0,,0.0,0.0,0.0,0.0,0.0,0.0,0.0,0.0,0.0,0.0
kemptechnologies,,,,49.3,10,8382.6,0.27594710959936486,0,0,,2200.0,198.4,405.8,3000.0,2.0,235.4,2300.0,23.3,15.7,2.0
exablox,,,,5.0,10,265.2,0.18420344701286942,0,0,,70.0,10.0,8.0,2.7,50.0,19.3,4.0,5.0,61.2,35.0
profitbricks,,,,5.5,10,361.7,0.2096878554554037,0,0,,19.0,5.0,25.0,20.0,96.1,4.4,10.0,14.0,50.0,118.2
wishplz,,,,,0,0.0,,0,0,,0.0,0.0,0.0,0.0,0.0,0.0,0.0,0.0,0.0,0.0
vimty,,,,,0,0.0,,0,0,,0.0,0.0,0.0,0.0,0.0,0.0,0.0,0.0,0.0,0.0
tvaxbiomedical,,,,6.3,10,51157.5,0.9938564831510166,0,0,,3.2,3.8,3.0,4.5,12.0,4.0,106.0,10.0,51000.0,11.0
printful,,theprintful,,2.4,9,745.1,0.21852426052869445,0,0,,86.2,19.0,76.3,4.4,120.0,9.0,275.3,25.4,129.5,0.0
achievemint,,,,,0,0.0,,0,0,,0.0,0.0,0.0,0.0,0.0,0.0,0.0,0.0,0.0,0.0
videoblocks,,,,33.4,10,872.3,0.5412703169133785,0,0,,1.3,5.6,613.0,1.0,10.0,34.6,6.4,10.0,186.0,4.4
expertta,,,,6.8,10,731.6,0.2688440832812942,0,0,,40.6,9.5,7.0,46.0,12.0,146.6,70.3,31.1,35.0,333.5
associatedmaterialprocessing,,ampchem,,,0,0.0,,0,0,,0.0,0.0,0.0,0.0,0.0,0.0,0.0,0.0,0.0,0.0
intellibatt,,,,5.5,9,84747.6,0.22731296661400383,0,0,,28000.0,17400.0,21400.0,129.6,3000.0,3800.0,18.0,4100.0,6900.0,0.0
evidationhealth,,evidation,,2.2,9,24465.0,0.9946949894302554,0,0,,20.5,6.0,5.0,24400.0,21.5,4.5,3.5,2.0,2.0,0.0
fanappz,,,,,0,0.0,,0,0,,0.0,0.0,0.0,0.0,0.0,0.0,0.0,0.0,0.0,0.0
mapmyid,,,,,0,0.0,,0,0,,0.0,0.0,0.0,0.0,0.0,0.0,0.0,0.0,0.0,0.0
tutoruniverse,,,,2.4,9,366.8,0.7695224934563302,0,0,,10.2,4.7,15.5,1.0,3.8,5.0,321.1,4.5,1.0,0.0
burstworks,,,,,0,0.0,,0,0,,0.0,0.0,0.0,0.0,0.0,0.0,0.0,0.0,0.0,0.0
xdynia,,,,,0,0.0,,0,0,,0.0,0.0,0.0,0.0,0.0,0.0,0.0,0.0,0.0,0.0
bolster,,,,,0,0.0,,0,0,,0.0,0.0,0.0,0.0,0.0,0.0,0.0,0.0,0.0,0.0
biomeme,,,,,0,0.0,,0,0,,0.0,0.0,0.0,0.0,0.0,0.0,0.0,0.0,0.0,0.0
authorly,,,,,0,0.0,,0,0,,0.0,0.0,0.0,0.0,0.0,0.0,0.0,0.0,0.0,0.0
sherly,,,,1.0,7,37.2,0.1687622846571858,0,0,,9.0,5.0,5.0,2.7,2.5,8.0,5.0,0.0,0.0,0.0
solexel,,,,5.0,10,397.4,0.36647962637870873,0,0,,5.0,12.0,5.0,15.0,21.8,6.7,20.9,1.0,220.0,90.0
suvolacorporation,,,,,0,0.0,,0,0,,0.0,0.0,0.0,0.0,0.0,0.0,0.0,0.0,0.0,0.0
naaya,,,,,0,0.0,,0,0,,0.0,0.0,0.0,0.0,0.0,0.0,0.0,0.0,0.0,0.0
mapbox,,,,100.0,10,520403.7,0.3808287743988371,0,0,,4.0,34.5,2.0,136200.0,265600.0,118500.0,10.0,10.0,5.5,37.7
vacationfutures,,,,,0,0.0,,0,0,,0.0,0.0,0.0,0.0,0.0,0.0,0.0,0.0,0.0,0.0
koality,,,,,0,0.0,,0,0,,0.0,0.0,0.0,0.0,0.0,0.0,0.0,0.0,0.0,0.0
adaptivebiotechnologies,,,,,0,0.0,,0,0,,0.0,0.0,0.0,0.0,0.0,0.0,0.0,0.0,0.0,0.0
logikcull,,,,19.0,10,238.2,0.4336413388688322,0,0,,3.0,12.8,8.5,3.3,152.6,14.9,23.8,1.7,16.4,1.2
cyphyworks,,,,2.4,8,3208.5,0.7708510914680449,0,0,,34.7,304.5,9.6,1.9,16.4,7.3,34.1,2800.0,0.0,0.0
entrupy,,,,,0,0.0,,0,0,,0.0,0.0,0.0,0.0,0.0,0.0,0.0,0.0,0.0,0.0
rcr8,,,,,0,0.0,,0,0,,0.0,0.0,0.0,0.0,0.0,0.0,0.0,0.0,0.0,0.0
digitaldreamlabs,,,,,0,0.0,,0,0,,0.0,0.0,0.0,0.0,0.0,0.0,0.0,0.0,0.0,0.0
lakshmicapital,,,,,0,0.0,,0,0,,0.0,0.0,0.0,0.0,0.0,0.0,0.0,0.0,0.0,0.0
rhocapitalventures,,rhocanada,,15.4,7,61.9,0.22207113980807025,0,0,,14.2,3.2,4.4,1.2,13.9,20.0,5.0,0.0,0.0,0.0
curvo,,curvolabs,,,0,0.0,,0,0,,0.0,0.0,0.0,0.0,0.0,0.0,0.0,0.0,0.0,0.0
sandhillangels,,,,2.9,10,180.7,0.14900762545214774,0,0,,1.1,29.4,35.0,11.7,11.6,3.0,15.5,33.8,7.0,32.6
creativelive,,,,4.9,9,506.5,0.23562524301552668,0,0,,6.0,70.0,63.7,67.5,48.3,12.5,7.5,209.5,21.5,0.0
zipfit,,,,,0,0.0,,0,0,,0.0,0.0,0.0,0.0,0.0,0.0,0.0,0.0,0.0,0.0
cashbet,,,,,0,0.0,,0,0,,0.0,0.0,0.0,0.0,0.0,0.0,0.0,0.0,0.0,0.0
zuli,,,,4.3,10,404.2,0.3141880369920878,0,0,,3.5,13.8,49.4,12.0,3.0,190.0,1.5,3.0,18.0,110.0
scruddle,,,,6.7,7,72.1,0.28448121637192914,0,0,,3.8,1.0,11.1,20.4,30.0,4.8,1.0,0.0,0.0,0.0
greekdrop,,,,,0,0.0,,0,0,,0.0,0.0,0.0,0.0,0.0,0.0,0.0,0.0,0.0,0.0
kinetictradingstrategies,,,,,0,0.0,,0,0,,0.0,0.0,0.0,0.0,0.0,0.0,0.0,0.0,0.0,0.0
lagrangesystems,,,,,0,0.0,,0,0,,0.0,0.0,0.0,0.0,0.0,0.0,0.0,0.0,0.0,0.0
clearstorydata,,,,1.4,9,1043.5,0.4478613104280978,0,0,,92.5,13.0,12.6,678.1,63.2,9.0,40.0,113.2,21.9,12000000000.0
cityheroes,,,,,0,0.0,,0,0,,0.0,0.0,0.0,0.0,0.0,0.0,0.0,0.0,0.0,0.0
canary,,,,3.5,10,375.2,0.36102891535317627,0,0,,12.0,1.5,3.0,3.0,1.2,190.0,110.0,49.4,1.0,4.1
ripplelabs,,,,,0,0.0,,0,0,,0.0,0.0,0.0,0.0,0.0,0.0,0.0,0.0,0.0,0.0
fivetran,,,,5.0,10,1567.6,0.41316982756392345,0,0,,4.4,3.0,45.0,31.3,204.3,100.0,211.7,4.0,7.0,956.9
kinsa,,kinsahealth,,7.5,10,109.7,0.22721369044107198,0,0,,4.0,13.1,1.2,6.5,1.0,39.9,10.0,28.0,1.0,5.0
opendorse,,,,3.6,10,1747.3,0.4020228293849016,0,0,,4.9,11.6,6.2,65.0,102.5,10.5,591.2,14.5,12.2,928.7
nearinfinity,,,,,0,0.0,,0,0,,0.0,0.0,0.0,0.0,0.0,0.0,0.0,0.0,0.0,0.0
collabra,,,,,0,0.0,,0,0,,0.0,0.0,0.0,0.0,0.0,0.0,0.0,0.0,0.0,0.0
dropifi,,,,2.8,8,196.9,0.2795114523978962,0,0,,6.5,5.1,3.1,69.2,4.6,44.2,1.0,63.2,0.0,0.0
axiomeducation,,,,,0,0.0,,0,0,,0.0,0.0,0.0,0.0,0.0,0.0,0.0,0.0,0.0,0.0
kihon,,,,1.0,9,125.3,0.20037783222898722,0,0,,10.2,6.4,13.7,23.0,7.3,45.0,1.6,4.6,13.5,0.0
sunnybump,,,,,0,0.0,,0,0,,0.0,0.0,0.0,0.0,0.0,0.0,0.0,0.0,0.0,0.0
sharalike,,,,,0,0.0,,0,0,,0.0,0.0,0.0,0.0,0.0,0.0,0.0,0.0,0.0,0.0
offlinemedia,,get-offline,,10.7,9,19.6,0.13999375260308206,0,0,,1.0,2.2,1.0,2.8,3.3,3.8,1.0,3.4,1.1,0.0
spaceview,,,,2.0,10,55.7,0.14210843548246732,0,0,,4.0,11.0,3.0,12.0,1.0,1.7,5.0,3.0,7.0,8.0
visitdays,,,,1.0,3,10.4,0.4489644970414201,0,0,,3.4,6.0,1.0,0.0,0.0,0.0,0.0,0.0,0.0,0.0
zoobean,,,,,0,0.0,,0,0,,0.0,0.0,0.0,0.0,0.0,0.0,0.0,0.0,0.0,0.0
drybar,,,,1.0,1,4.3,0.6938412246351015,0,0,,4.3,0.0,0.0,0.0,0.0,0.0,0.0,0.0,0.0,0.0
invizeon,,,,,0,0.0,,0,0,,0.0,0.0,0.0,0.0,0.0,0.0,0.0,0.0,0.0,0.0
seworks,,seworks2,,1.0,10,1245.8,0.42406533472132446,0,0,,25.0,20.4,32.1,5.9,3.0,717.0,372.5,6.0,8.3,55.6
sansmuchogusto,,,,,0,0.0,,0,0,,0.0,0.0,0.0,0.0,0.0,0.0,0.0,0.0,0.0,0.0
tinybop,,,,3.0,10,40.5,0.2085230909922268,0,0,,2.3,2.0,3.0,1.0,1.0,2.5,15.7,2.0,7.0,4.0
chaikinanalytics,,,,5.5,9,114.0,0.2573099415204678,0,0,,20.0,6.0,50.0,5.0,8.0,2.0,17.0,5.0,1.0,0.0
kanguorg,,,,,0,0.0,,0,0,,0.0,0.0,0.0,0.0,0.0,0.0,0.0,0.0,0.0,0.0
caresimply,,,,,0,0.0,,0,0,,0.0,0.0,0.0,0.0,0.0,0.0,0.0,0.0,0.0,0.0
theaudience,,,,5.5,10,438.9,0.21722552409317167,0,0,,27.0,65.9,4.5,4.2,150.0,12.0,1.5,32.5,31.6,109.7
dotloop,,,,8.5,10,836.7,0.7326357199952704,0,0,,7.5,3.5,6.3,713.5,10.0,49.9,3.5,8.1,32.1,2.3
flooptechnologies,,,,,0,0.0,,0,0,,0.0,0.0,0.0,0.0,0.0,0.0,0.0,0.0,0.0,0.0
kaybus,,,,6.0,10,123.6,0.14248646327541606,0,0,,15.0,21.4,12.6,11.1,31.1,4.0,11.5,6.3,5.8,4.8
protoexchange,,,,,0,0.0,,0,0,,0.0,0.0,0.0,0.0,0.0,0.0,0.0,0.0,0.0,0.0
backerkit,,,,4.0,10,191.9,0.21912875306070964,0,0,,25.0,45.0,5.0,6.3,6.0,5.0,5.5,1.0,68.1,25.0
elasticsearch,,elasticsearch,,,0,0.0,,0,0,,0.0,0.0,0.0,0.0,0.0,0.0,0.0,0.0,0.0,0.0
mightyhive,,,,14.0,10,3508.1,0.4698445662523672,0,0,,9.0,4.5,15.0,2300.0,10.0,300.0,601.0,24.9,193.7,50.0
equipboard,,,,,0,0.0,,0,0,,0.0,0.0,0.0,0.0,0.0,0.0,0.0,0.0,0.0,0.0
vgocommunications,,vgocom,,10.0,10,178252.8,0.3577264032562078,0,0,,6.0,7.2,3.7,58500.0,40100.0,10.0,5.2,8.0,79600.0,12.7
bmobilized,,,,3.1,10,58.4,0.2258338806530306,0,0,,4.3,3.8,4.4,4.4,1.0,4.4,1.0,10.0,24.0,1.1
hutster,,,,,0,0.0,,0,0,,0.0,0.0,0.0,0.0,0.0,0.0,0.0,0.0,0.0,0.0
binarythumb,,,,,0,0.0,,0,0,,0.0,0.0,0.0,0.0,0.0,0.0,0.0,0.0,0.0,0.0
gethuman,,,,5.2,10,1145.9,0.2970720496385156,0,0,,10.8,2.5,3.0,283.8,538.9,52.0,69.0,59.8,64.1,62.0
homebindercom,,,,,0,0.0,,0,0,,0.0,0.0,0.0,0.0,0.0,0.0,0.0,0.0,0.0,0.0
fosbury,,,,,0,0.0,,0,0,,0.0,0.0,0.0,0.0,0.0,0.0,0.0,0.0,0.0,0.0
skyonic,,,,4.7,10,1917.5,0.7134892870680907,0,0,,23.1,5.0,8.0,4.0,5.0,1600.0,250.0,4.9,12.0,5.5
bizzun,,,,,0,0.0,,0,0,,0.0,0.0,0.0,0.0,0.0,0.0,0.0,0.0,0.0,0.0
leveleleven,,,,1.1,8,63.4,0.42174765397207653,0,0,,3.4,3.0,3.0,2.8,7.0,40.0,2.2,2.0,0.0,0.0
energypoints,,,,,0,0.0,,0,0,,0.0,0.0,0.0,0.0,0.0,0.0,0.0,0.0,0.0,0.0
loop88,,,,1.1,9,46.7,0.1533456524629853,0,0,,5.5,3.9,2.0,7.0,2.9,2.0,12.0,3.0,8.4,0.0
azuqua,,,,4.4,10,517.7,0.33825699464381037,0,0,,8.0,6.0,3.0,8.1,204.3,4.1,5.0,211.7,62.1,5.4
nanoice,,,,,0,0.0,,0,0,,0.0,0.0,0.0,0.0,0.0,0.0,0.0,0.0,0.0,0.0
blocvox,,,,,0,0.0,,0,0,,0.0,0.0,0.0,0.0,0.0,0.0,0.0,0.0,0.0,0.0
totalattorneys,,,,10.0,10,2892.5,0.9372482985457725,0,0,,7.0,8.2,8.0,3.0,3.6,30.0,2800.0,11.1,4.4,17.2
judicata,,,,2.5,10,90.4,0.19118568407862793,0,0,,3.0,8.0,5.0,30.0,5.6,2.0,4.8,21.0,4.0,7.0
paybook,,,,1.0,8,592.4,0.8027294640508335,0,0,,2.0,6.0,529.4,5.0,34.6,1.0,1.0,13.4,0.0,0.0
platformforglobalhealth,,,,,0,0.0,,0,0,,0.0,0.0,0.0,0.0,0.0,0.0,0.0,0.0,0.0,0.0
filtereasy,,,,5.0,9,64.6,0.2209309012834399,0,0,,7.0,4.0,8.0,1.0,1.0,1.0,19.4,20.1,3.1,0.0
avinetworks,,,,2.0,10,427.5,0.3482944632536507,0,0,,23.3,235.4,13.1,2.3,40.0,37.5,2.0,1.3,66.9,5.7
goldenreviews,,,,1.0,0,0.0,1.0,0,0,,0.0,0.0,0.0,0.0,0.0,0.0,0.0,0.0,0.0,0.0
talkto,,,,,0,0.0,,0,0,,0.0,0.0,0.0,0.0,0.0,0.0,0.0,0.0,0.0,0.0
armagentechnologies,,,,,0,0.0,,0,0,,0.0,0.0,0.0,0.0,0.0,0.0,0.0,0.0,0.0,0.0
datarobot,,,,37.0,9,790.9,0.4447468670247213,0,0,,7.8,12.6,6.7,12.0,8.3,434.7,297.8,3.0,8.0,0.0
qlika,,,,,0,0.0,,0,0,,0.0,0.0,0.0,0.0,0.0,0.0,0.0,0.0,0.0,0.0
survata,,,,8.4,8,637.7,0.37755865575501424,0,0,,1.0,6.4,13.0,2.4,69.0,260.8,1.3,283.8,0.0,0.0
vionic,,,,,0,0.0,,0,0,,0.0,0.0,0.0,0.0,0.0,0.0,0.0,0.0,0.0,0.0
bulubox,,,,3.2,9,415.2,0.3107986354743263,0,0,,200.0,1.0,2.6,55.0,93.1,40.0,1.3,15.0,7.2,0.0
radiatorlabs,,,,,0,0.0,,0,0,,0.0,0.0,0.0,0.0,0.0,0.0,0.0,0.0,0.0,0.0
muut,,,,2.6,10,313023.4,0.47383922394672334,0,0,,40.5,7.7,10.0,6.1,206.3,40.3,130900.0,12.5,170800.0,11000.0
sipx,,,,2.0,10,78.4,0.1361542065805914,0,0,,11.5,12.9,5.0,10.0,1.0,2.5,15.0,3.6,12.0,4.9
abacast,,,,,0,0.0,,0,0,,0.0,0.0,0.0,0.0,0.0,0.0,0.0,0.0,0.0,0.0
allcampus,,,,4.1,10,249.1,0.22979281011803068,0,0,,15.4,12.1,5.0,89.9,65.0,33.9,19.0,4.8,1.0,3.0
phigital,,,,,0,0.0,,0,0,,0.0,0.0,0.0,0.0,0.0,0.0,0.0,0.0,0.0,0.0
recognitionpro,,,,,0,0.0,,0,0,,0.0,0.0,0.0,0.0,0.0,0.0,0.0,0.0,0.0,0.0
ondigo,,,,1.5,10,286.6,0.2179721926925345,0,0,,6.0,23.0,5.8,6.5,45.1,25.0,39.0,13.0,10.0,113.2
artisanmobile,,useartisan,,5.0,10,187.9,0.3196549861625693,0,0,,11.0,6.4,13.0,4.2,1.7,21.5,20.0,1.8,100.0,8.3
stealthy,,,,,0,0.0,,0,0,,0.0,0.0,0.0,0.0,0.0,0.0,0.0,0.0,0.0,0.0
apmetrix,,,,7.2,10,280.2,0.24765297144234183,0,0,,1.0,1.0,7.0,115.7,45.0,3.5,20.0,55.0,12.0,20.0
qrpharma,,,,3.5,10,1757.5,0.9358117460426661,0,0,,18.5,5.0,5.0,1700.0,6.6,3.0,6.0,4.4,4.0,5.0
vulume2,,,,,0,0.0,,0,0,,0.0,0.0,0.0,0.0,0.0,0.0,0.0,0.0,0.0,0.0
fibroblast,,,,4.0,9,82.9,0.13634954841169256,0,0,,6.1,7.0,4.5,7.5,11.0,4.0,10.5,17.8,14.5,0.0
classroomiq,,,,,0,0.0,,0,0,,0.0,0.0,0.0,0.0,0.0,0.0,0.0,0.0,0.0,0.0
mobilewalla,,,,10.0,9,242.7,0.22544869734780518,0,0,,56.6,31.2,6.1,7.5,3.0,85.6,12.9,38.8,1.0,0.0
advercar,,,,11.0,6,2708.0,0.9941026942436547,0,0,,3.5,1.5,1.0,1.0,1.0,2700.0,0.0,0.0,0.0,0.0
linkwellhealth,,,,4.7,9,1221.8,0.8129386720177377,0,0,,2.8,10.0,1.0,10.0,48.1,5.7,19.0,25.2,1100.0,0.0
mdinsider,,,,2.0,10,695.7,0.5992564356967313,0,0,,5.5,4.7,4.0,24.9,14.5,113.5,1.0,1.0,525.6,1.0
kite,,,,1.0,9,325.1,0.2662551550520243,0,0,,5.0,2.4,19.0,7.1,6.1,3.0,86.2,76.3,120.0,0.0
patientco,,,,12.0,9,166.1,0.17821858617916206,0,0,,48.8,4.5,20.0,28.0,17.2,8.8,7.5,30.0,1.3,0.0
serviceful,,,,,0,0.0,,0,0,,0.0,0.0,0.0,0.0,0.0,0.0,0.0,0.0,0.0,0.0
thinkerous,,,,,0,0.0,,0,0,,0.0,0.0,0.0,0.0,0.0,0.0,0.0,0.0,0.0,0.0
faraday,,,,30.2,10,1235786.0,0.1631953003357658,0,0,,143900.0,288500.0,160300.0,281100.0,80600.0,9800.0,11500.0,120300.0,586.0,139200.0
ubiome,,,,32.0,10,112.3,0.21948032279013488,0,0,,12.0,20.7,8.0,13.2,6.0,3.0,1.8,2.0,43.6,2.0
opencare,,,,6.1,10,1089.9,0.7199831993414901,0,0,,113.5,1.0,4.0,24.9,1.0,14.5,7.7,1.0,917.3,5.0
streem,,streem,,,0,0.0,,0,0,,0.0,0.0,0.0,0.0,0.0,0.0,0.0,0.0,0.0,0.0
mednetworks,,,,,0,0.0,,0,0,,0.0,0.0,0.0,0.0,0.0,0.0,0.0,0.0,0.0,0.0
iqcopay,,,,,0,0.0,,0,0,,0.0,0.0,0.0,0.0,0.0,0.0,0.0,0.0,0.0,0.0
need2fit,,,,,0,0.0,,0,0,,0.0,0.0,0.0,0.0,0.0,0.0,0.0,0.0,0.0,0.0
hanesbrands,,hanes,,6800.0,10,50884.6,0.221005709240267,0,0,,8700.0,2800.0,12000.0,1800.0,47.5,8500.0,71.9,16400.0,495.0,70.2
tapblaze,,,,,0,0.0,,0,0,,0.0,0.0,0.0,0.0,0.0,0.0,0.0,0.0,0.0,0.0
tagapet,,,,,0,0.0,,0,0,,0.0,0.0,0.0,0.0,0.0,0.0,0.0,0.0,0.0,0.0
discoverybaygames,,,,4.5,1,9.8,0.5686830651865616,0,0,,9.8,0.0,0.0,0.0,0.0,0.0,0.0,0.0,0.0,0.0
scratchhard,,,,,0,0.0,,0,0,,0.0,0.0,0.0,0.0,0.0,0.0,0.0,0.0,0.0,0.0
litpick,,,,,0,0.0,,0,0,,0.0,0.0,0.0,0.0,0.0,0.0,0.0,0.0,0.0,0.0
cottontracks,,,,,0,0.0,,0,0,,0.0,0.0,0.0,0.0,0.0,0.0,0.0,0.0,0.0,0.0
pavo,,,,,0,0.0,,0,0,,0.0,0.0,0.0,0.0,0.0,0.0,0.0,0.0,0.0,0.0
hackreactor,,,,4.5,10,61.5,0.34932910304712805,0,0,,3.0,4.5,4.0,5.0,1.0,2.0,2.0,4.0,35.0,1.0
legalcrunch,,,,,0,0.0,,0,0,,0.0,0.0,0.0,0.0,0.0,0.0,0.0,0.0,0.0,0.0
leanlaunchventures,,,,,0,0.0,,0,0,,0.0,0.0,0.0,0.0,0.0,0.0,0.0,0.0,0.0,0.0
revtechlabs,,,,,0,0.0,,0,0,,0.0,0.0,0.0,0.0,0.0,0.0,0.0,0.0,0.0,0.0
walkby,,,,,0,0.0,,0,0,,0.0,0.0,0.0,0.0,0.0,0.0,0.0,0.0,0.0,0.0
ncryptedcloud,,,,5.3,9,153.3,0.18646740612802323,0,0,,33.8,22.5,5.8,44.8,13.2,4.3,21.6,1.8,5.5,0.0
800razors,,,,7.1,9,6816.7,0.910262986962729,0,0,,85.5,200.0,10.0,6500.0,1.0,9.9,1.6,3.0,5.7,0.0
socialtoaster,,,,2.7,10,199.3,0.3234061311932456,0,0,,1.0,4.0,11.0,10.0,43.0,9.0,12.2,102.5,2.6,4.0
trafficland,,,,50.0,1,10.4,0.7149247840007017,0,0,,10.4,0.0,0.0,0.0,0.0,0.0,0.0,0.0,0.0,0.0
brainlycom,,,,,0,0.0,,0,0,,0.0,0.0,0.0,0.0,0.0,0.0,0.0,0.0,0.0,0.0
mydrobe,,,,,0,0.0,,0,0,,0.0,0.0,0.0,0.0,0.0,0.0,0.0,0.0,0.0,0.0
boostfunder,,,,,0,0.0,,0,0,,0.0,0.0,0.0,0.0,0.0,0.0,0.0,0.0,0.0,0.0
builtio,,,,,0,0.0,,0,0,,0.0,0.0,0.0,0.0,0.0,0.0,0.0,0.0,0.0,0.0
yurbuds,,,,2.0,9,55.1,0.2009446609200892,0,0,,15.7,1.0,4.5,4.4,7.1,2.0,16.0,3.4,1.0,0.0
borntosell,,,,,0,0.0,,0,0,,0.0,0.0,0.0,0.0,0.0,0.0,0.0,0.0,0.0,0.0
sumologic,,,,72.4,10,71.3,0.1292742083014503,0,0,,9.8,4.5,7.4,5.0,13.6,4.5,8.0,4.0,1.3,13.2
battlefy,,,,5.0,8,2378.5,0.9353808849854892,0,0,,25.4,10.0,4.0,4.1,4.0,1.0,2300.0,30.0,0.0,0.0
trendymondays,,,,,0,0.0,,0,0,,0.0,0.0,0.0,0.0,0.0,0.0,0.0,0.0,0.0,0.0
slowventures,,,,56.9,10,96.0,0.12518663194444443,0,0,,11.8,7.7,7.0,18.2,15.7,7.4,10.3,11.9,1.0,5.0
musicsiren,,,,,0,0.0,,0,0,,0.0,0.0,0.0,0.0,0.0,0.0,0.0,0.0,0.0,0.0
wrightspeed,,,,15.0,10,89.8,0.11093942986393916,0,0,,13.0,7.5,5.0,8.0,7.0,8.0,13.2,13.0,5.3,9.8
scottygear,,scottygeargreek,,,0,0.0,,0,0,,0.0,0.0,0.0,0.0,0.0,0.0,0.0,0.0,0.0,0.0
publicinsightcorporation,,,,,0,0.0,,0,0,,0.0,0.0,0.0,0.0,0.0,0.0,0.0,0.0,0.0,0.0
atreca,,,,3.0,10,300.1,0.21699342471758554,0,0,,3.0,16.1,1.0,3.0,58.1,11.0,14.4,28.0,59.5,106.0
nationalmetrics,,,,,0,0.0,,0,0,,0.0,0.0,0.0,0.0,0.0,0.0,0.0,0.0,0.0,0.0
crimewatchus,,,,,0,0.0,,0,0,,0.0,0.0,0.0,0.0,0.0,0.0,0.0,0.0,0.0,0.0
misfitwearables,,misfit-cn,,,0,0.0,,0,0,,0.0,0.0,0.0,0.0,0.0,0.0,0.0,0.0,0.0,0.0
lyatiss,,,,,0,0.0,,0,0,,0.0,0.0,0.0,0.0,0.0,0.0,0.0,0.0,0.0,0.0
zetroz,,,,10.0,6,46.0,0.2088563327032136,0,0,,8.0,10.0,2.9,13.1,9.6,2.4,0.0,0.0,0.0,0.0
bckstgr,,,,,0,0.0,,0,0,,0.0,0.0,0.0,0.0,0.0,0.0,0.0,0.0,0.0,0.0
odysseythera,,,,13.4,10,53995.0,0.40952026832197774,0,0,,276.8,4700.0,26300.0,682.9,3.0,21900.0,29.0,22.5,74.9,5.9
zendeals,,,,,0,0.0,,0,0,,0.0,0.0,0.0,0.0,0.0,0.0,0.0,0.0,0.0,0.0
epantry,,,,1.0,10,942412.7,0.3798106778894796,0,0,,3.5,3.5,4.4,1.3,232900.0,10200.0,136200.0,511900.0,48800.0,2400.0
matchist,,,,1.0,9,435.6,0.6829020440653298,0,0,,4.4,27.4,1.0,6.2,8.0,1.5,357.9,24.2,5.0,0.0
ondore,,,,1.0,8,46.2,0.1687843181349675,0,0,,3.6,6.0,4.0,7.4,3.5,5.0,14.0,2.7,0.0,0.0
affinityis,,,,,0,0.0,,0,0,,0.0,0.0,0.0,0.0,0.0,0.0,0.0,0.0,0.0,0.0
mytime,,,,6.1,10,442.1,0.33889247003912615,0,0,,228.9,29.8,18.4,1.0,6.1,3.0,12.0,30.0,5.7,107.2
ecinity,,,,43.5,8,63.9,0.3500554710632076,0,0,,8.7,2.0,11.1,34.7,1.0,1.0,4.4,1.0,0.0,0.0
agriculturalfoodsystems,,,,,0,0.0,,0,0,,0.0,0.0,0.0,0.0,0.0,0.0,0.0,0.0,0.0,0.0
massdrop,,,,16.8,10,512.0,0.2553999328613281,0,0,,25.0,140.0,70.0,8.9,4.0,3.7,37.9,200.0,15.0,7.5
invenquery,,,,,0,0.0,,0,0,,0.0,0.0,0.0,0.0,0.0,0.0,0.0,0.0,0.0,0.0
ahalogy,,,,2.9,10,195.8,0.5954988361307582,0,0,,5.5,3.9,2.0,7.0,12.0,8.4,3.0,2.0,150.0,2.0
focustrainr,,Focus-training,,,0,0.0,,0,0,,0.0,0.0,0.0,0.0,0.0,0.0,0.0,0.0,0.0,0.0
collegelabor,,cheapcollegelabor,,,0,0.0,,0,0,,0.0,0.0,0.0,0.0,0.0,0.0,0.0,0.0,0.0,0.0
urx,,,,1.1,9,134.5,0.29659899669711587,0,0,,1.3,2.0,1.0,2.9,1.1,21.5,6.5,52.5,45.7,0.0
ravellaw,,,,1.4,9,9560.9,0.7851447968169443,0,0,,2.7,15.0,3.0,6.5,8400.0,12.8,1100.0,5.2,15.7,0.0
ppgindustries,,,,42.1,10,140371.9,0.33784786805138795,0,0,,751.9,1.0,15400.0,19.0,12500.0,3000.0,76300.0,10200.0,4700.0,17500.0
kraven,,krave-n,,1.4,9,191.6,0.13853125640142783,0,0,,29.2,5.9,15.9,36.7,28.2,3.0,21.2,28.8,22.7,0.0
parlevelsystems,,,,2.0,5,29.5,0.32970985349037635,0,0,,1.7,1.0,8.0,4.8,14.0,0.0,0.0,0.0,0.0,0.0
bounceimaging,,,,3.4,10,70672.5,0.9673365914581379,0,0,,4.0,1.0,5.0,13.0,8.0,35.0,2.5,69500.0,4.0,1100.0
pipelinedealscom,,,,,0,0.0,,0,0,,0.0,0.0,0.0,0.0,0.0,0.0,0.0,0.0,0.0,0.0
centscere,,,,,0,0.0,,0,0,,0.0,0.0,0.0,0.0,0.0,0.0,0.0,0.0,0.0,0.0
zerochroma,,,,1.0,10,112361.1,0.46409555980640027,0,0,,1.0,5.0,6.5,35.0,403.6,21500.0,70800.0,5.0,5.0,19600.0
tanium,,,,200.0,10,1966.9,0.23151516177309175,0,0,,64.1,96.0,815.7,297.7,60.0,229.1,5.4,213.7,24.0,161.2
demohire,,,,,0,0.0,,0,0,,0.0,0.0,0.0,0.0,0.0,0.0,0.0,0.0,0.0,0.0
devicefidelity,,,,2.4,10,8055.0,0.33442171785301317,0,0,,8.9,3400.0,4.2,2.5,78.5,17.6,2300.0,1.9,41.4,2200.0
zooza,,,,,0,0.0,,0,0,,0.0,0.0,0.0,0.0,0.0,0.0,0.0,0.0,0.0,0.0
mdcapsule,,,,,0,0.0,,0,0,,0.0,0.0,0.0,0.0,0.0,0.0,0.0,0.0,0.0,0.0
beamtechnologies,,beam-brush,,3.0,9,302209.3,0.44892768825481416,0,0,,10.0,23.0,10.0,3.0,30.0,333.3,56900.0,184800.0,60100.0,0.0
powwow,,powwowmobile,,3.0,10,127.6,0.4877703638918643,0,0,,7.2,1.0,3.6,4.4,2.3,1.3,11.4,87.5,7.9,1.0
healthpocket,,,,1.4,10,320915.1,0.19320872083011062,0,0,,14.1,1.0,16200.0,92100.0,14100.0,56900.0,60100.0,61200.0,18900.0,1400.0
installationmediaandmagazine,,,,,0,0.0,,0,0,,0.0,0.0,0.0,0.0,0.0,0.0,0.0,0.0,0.0,0.0
vadio,,,,1.0,9,229.9,0.24290285637740636,0,0,,15.5,5.5,100.0,24.2,31.4,14.4,1.9,25.6,11.4,0.0
marinexplore,,,,,0,0.0,,0,0,,0.0,0.0,0.0,0.0,0.0,0.0,0.0,0.0,0.0,0.0
uberall,,,,16.6,10,255.2,0.7002652047444502,0,0,,5.4,213.0,4.2,4.5,1.5,4.4,9.5,2.5,5.2,5.0
rentagizmo,,,,,0,0.0,,0,0,,0.0,0.0,0.0,0.0,0.0,0.0,0.0,0.0,0.0,0.0
shopularapp,,,,2.0,10,21710.6,0.9626827536345723,0,0,,6.2,31.0,80.0,10.4,250.0,1.0,25.0,5.0,21300.0,2.0
tylrmobile,,,,1.0,10,41478.3,0.2735720092748332,0,0,,9.0,611.7,550.0,14200.0,11900.0,3500.0,10700.0,1.0,1.0,5.6
cumulogic,,,,1.0,9,5869.5,0.5091780438119119,0,0,,1.1,35.7,5.0,4.0,19.5,2300.0,3.2,3500.0,1.0,0.0
lucidenergy,,,,3.8,8,126.3,0.1985488684897964,0,0,,6.6,1.0,10.0,22.2,28.0,38.9,5.3,14.3,0.0,0.0
thebkry,,,,,0,0.0,,0,0,,0.0,0.0,0.0,0.0,0.0,0.0,0.0,0.0,0.0,0.0
keychainlogistics,,,,1.0,9,348.7,0.4442804438362523,0,0,,50.0,7.0,15.0,225.0,8.4,8.2,5.5,12.0,17.6,0.0
rentfeeder,,,,,0,0.0,,0,0,,0.0,0.0,0.0,0.0,0.0,0.0,0.0,0.0,0.0,0.0
fashionloyal,,,,,0,0.0,,0,0,,0.0,0.0,0.0,0.0,0.0,0.0,0.0,0.0,0.0,0.0
nextgreatplace,,,,,0,0.0,,0,0,,0.0,0.0,0.0,0.0,0.0,0.0,0.0,0.0,0.0,0.0
suredone,,,,1.0,10,942.7,0.6387819332126746,0,0,,31.0,9.6,4.0,7.3,8.8,4.0,2.7,131.2,3.0,741.1
3drobotics,,,,93.3,10,287.9,0.34419285381041353,0,0,,157.6,1.0,2.4,3.3,41.2,4.0,22.5,30.0,2.5,23.4
realconnexcom,,,,,0,0.0,,0,0,,0.0,0.0,0.0,0.0,0.0,0.0,0.0,0.0,0.0,0.0
adeptcloud,,,,,0,0.0,,0,0,,0.0,0.0,0.0,0.0,0.0,0.0,0.0,0.0,0.0,0.0
playteau,,,,1.0,2,2.0,0.5,0,0,,1.0,1.0,0.0,0.0,0.0,0.0,0.0,0.0,0.0,0.0
authorea,,,,4.0,9,44.2,0.11695092238078664,0,0,,4.0,4.0,4.0,4.4,6.3,5.8,3.3,6.3,6.1,0.0
grandst,,,,,0,0.0,,0,0,,0.0,0.0,0.0,0.0,0.0,0.0,0.0,0.0,0.0,0.0
ciaotelecom,,ciao-telecom,,,0,0.0,,0,0,,0.0,0.0,0.0,0.0,0.0,0.0,0.0,0.0,0.0,0.0
phmhealth,,myphmhealth,,,0,0.0,,0,0,,0.0,0.0,0.0,0.0,0.0,0.0,0.0,0.0,0.0,0.0
springbot,,,,2.0,9,597.8,0.683779803295702,0,0,,9.4,9.5,5.8,3.0,490.6,4.0,15.0,4.0,56.5,0.0
shoppad,,theshoppad,,5.2,8,67.9,0.2762899611965096,0,0,,6.2,3.8,1.0,20.2,2.1,1.0,5.8,27.8,0.0,0.0
pantry,,pantry,,,0,0.0,,0,0,,0.0,0.0,0.0,0.0,0.0,0.0,0.0,0.0,0.0,0.0
thehackettgroup,,,,690.1,10,99768.8,0.326092118957508,0,0,,8800.0,131.5,39.3,878.0,38800.0,20.0,6700.0,2300.0,2000.0,40100.0
sonardesign,,,,4.2,10,158.5,0.3514060245399994,0,0,,3.0,2.4,11.5,7.4,3.8,4.3,87.5,30.0,4.0,4.6
sealed,,,,,0,0.0,,0,0,,0.0,0.0,0.0,0.0,0.0,0.0,0.0,0.0,0.0,0.0
cielo24,,,,5.0,10,158.2,0.22185666497784015,0,0,,15.0,5.0,63.3,5.0,21.8,4.8,7.5,24.8,1.0,10.0
oncoscope,,,,,0,0.0,,0,0,,0.0,0.0,0.0,0.0,0.0,0.0,0.0,0.0,0.0,0.0
gnito,,,,,0,0.0,,0,0,,0.0,0.0,0.0,0.0,0.0,0.0,0.0,0.0,0.0,0.0
noxilizer,,,,5.0,10,24889.0,0.3494708256840047,0,0,,55.3,1900.0,22.9,2900.0,896.2,978.1,20.0,13600.0,4200.0,316.5
ao1solutions,,,,,0,0.0,,0,0,,0.0,0.0,0.0,0.0,0.0,0.0,0.0,0.0,0.0,0.0
crusheecom,,,,,0,0.0,,0,0,,0.0,0.0,0.0,0.0,0.0,0.0,0.0,0.0,0.0,0.0
7signalsolutions,,6signal-solutions,,,0,0.0,,0,0,,0.0,0.0,0.0,0.0,0.0,0.0,0.0,0.0,0.0,0.0
fashionadvance,,,,,0,0.0,,0,0,,0.0,0.0,0.0,0.0,0.0,0.0,0.0,0.0,0.0,0.0
good44,,,,,0,0.0,,0,0,,0.0,0.0,0.0,0.0,0.0,0.0,0.0,0.0,0.0,0.0
nuorder,,,,9.6,9,77.6,0.22541582527367415,0,0,,20.3,1.0,5.0,28.5,3.8,5.6,5.0,3.5,4.9,0.0
photpharmics,,,,,0,0.0,,0,0,,0.0,0.0,0.0,0.0,0.0,0.0,0.0,0.0,0.0,0.0
yopine,,,,,0,0.0,,0,0,,0.0,0.0,0.0,0.0,0.0,0.0,0.0,0.0,0.0,0.0
appmyday,,,,1.0,9,41.1,0.34140811385203734,0,0,,4.5,1.0,3.9,1.0,2.9,1.0,3.0,22.8,1.0,0.0
datagravity,,,,13.8,10,2409.1,0.3558892390366311,0,0,,20.0,5.0,1300.0,541.1,21.2,194.1,94.1,181.1,50.0,2.5
tracelink,,,,18.0,9,4133.9,0.936522629873661,0,0,,6.6,10.0,11.1,14.1,9.7,5.0,19.0,4000.0,58.4,0.0
ragetank,,,,,0,0.0,,0,0,,0.0,0.0,0.0,0.0,0.0,0.0,0.0,0.0,0.0,0.0
glossi,,,,1.0,9,681.8,0.23797423881239943,0,0,,198.0,11.5,30.0,172.9,60.0,1.0,1.0,191.4,16.0,0.0
ironpearl,,,,,0,0.0,,0,0,,0.0,0.0,0.0,0.0,0.0,0.0,0.0,0.0,0.0,0.0
listar,,,,,0,0.0,,0,0,,0.0,0.0,0.0,0.0,0.0,0.0,0.0,0.0,0.0,0.0
eyeic,,,,,0,0.0,,0,0,,0.0,0.0,0.0,0.0,0.0,0.0,0.0,0.0,0.0,0.0
caymayeducation,,,,,0,0.0,,0,0,,0.0,0.0,0.0,0.0,0.0,0.0,0.0,0.0,0.0,0.0
factorio,,,,1.0,1,48.2,0.9601758212704078,0,0,,48.2,0.0,0.0,0.0,0.0,0.0,0.0,0.0,0.0,0.0
realtymogul,,,,3.0,10,62.9,0.1501639112225477,0,0,,3.5,3.8,5.0,14.7,3.0,5.0,2.0,6.4,15.1,4.4
edventory,,,,,0,0.0,,0,0,,0.0,0.0,0.0,0.0,0.0,0.0,0.0,0.0,0.0,0.0
rentmetrics,,,,,0,0.0,,0,0,,0.0,0.0,0.0,0.0,0.0,0.0,0.0,0.0,0.0,0.0
luxresearch,,luxresearchinc,,21.9,9,7198.9,0.9727679027108366,0,0,,8.0,10.0,7.5,7100.0,5.0,4.4,10.0,50.0,4.0,0.0
sprinklr,,,,150.0,10,426.7,0.167350943899446,0,0,,65.9,22.2,11.0,109.7,38.0,100.2,27.0,15.3,31.6,5.8
kidaptive,,,,4.0,10,137.7,0.1469578282912186,0,0,,8.8,7.7,5.4,31.7,25.0,3.8,5.5,9.8,15.0,25.0
rootsrated,,,,19.4,7,132.0,0.3971533516988062,0,0,,9.0,4.0,1.0,5.0,75.0,4.0,34.0,0.0,0.0,0.0
ebooksinmotion,,,,,0,0.0,,0,0,,0.0,0.0,0.0,0.0,0.0,0.0,0.0,0.0,0.0,0.0
rentlytics,,,,5.7,10,425.5,0.40512957038170344,0,0,,35.3,253.6,4.1,85.3,12.6,10.2,3.0,6.1,13.6,1.7
citymaps,,,,1.0,9,1041.8,0.71637230127383,0,0,,100.0,1.0,17.1,4.0,34.5,875.2,5.0,2.0,3.0,0.0
handsontest,,,,1.0,3,12.5,0.463936,0,0,,2.9,7.8,1.8,0.0,0.0,0.0,0.0,0.0,0.0,0.0
payapp,,,,,0,0.0,,0,0,,0.0,0.0,0.0,0.0,0.0,0.0,0.0,0.0,0.0,0.0
gripeo,,,,4.0,10,321.1,0.43772637677572257,0,0,,6.9,3.0,9.5,10.0,206.3,4.4,12.5,22.1,6.1,40.3
birst,,,,13.0,10,1619.9,0.5612007900640043,0,0,,12.6,40.0,34.0,1.5,1200.0,31.3,9.5,113.2,85.3,92.5
apozy,,,,1.0,10,208.0,0.25698039940828404,0,0,,12.9,3.0,15.0,5.0,13.6,3.0,2.3,79.3,9.8,64.1
giup,,giupstudents,,,0,0.0,,0,0,,0.0,0.0,0.0,0.0,0.0,0.0,0.0,0.0,0.0,0.0
fundacity,,,,1.0,10,472.3,0.7215562174086573,0,0,,1.0,1.0,5.0,3.9,3.0,5.0,4.9,4.1,46.0,398.4
redapt,,,,34.5,9,25329.0,0.7261945668312287,0,0,,25.0,50.0,21400.0,592.6,10.4,2700.0,10.0,1.0,540.0,0.0
learnmetrics,,,,,0,0.0,,0,0,,0.0,0.0,0.0,0.0,0.0,0.0,0.0,0.0,0.0,0.0
perfectaudience,,,,9.3,9,410.2,0.5478121171939054,0,0,,300.0,12.0,18.8,4.4,35.0,11.0,11.2,12.8,5.0,0.0
schoolyourself,,,,,0,0.0,,0,0,,0.0,0.0,0.0,0.0,0.0,0.0,0.0,0.0,0.0,0.0
openmicvoices,,,,,0,0.0,,0,0,,0.0,0.0,0.0,0.0,0.0,0.0,0.0,0.0,0.0,0.0
avocadosoftware,,avocadosoftwareinc,,1.2,10,1922.7,0.3260892143649878,0,0,,1.5,1.2,81.6,1.0,4.0,293.6,730.3,760.0,10.0,39.5
realync,,,,4.3,9,51.8,0.1288218720651153,0,0,,3.8,7.0,6.4,7.0,3.9,8.4,2.0,4.0,9.3,0.0
boatbound,,,,2.7,8,78.9,0.3424575235212949,0,0,,4.8,1.5,4.8,1.0,2.0,1.0,27.3,36.5,0.0,0.0
mednexus,,mednexusinc,,,0,0.0,,0,0,,0.0,0.0,0.0,0.0,0.0,0.0,0.0,0.0,0.0,0.0
radiorunt,,,,,0,0.0,,0,0,,0.0,0.0,0.0,0.0,0.0,0.0,0.0,0.0,0.0,0.0
enerdigmventures,,enerdigm,,5.5,9,212.9,0.20238245208477795,0,0,,30.0,8.3,46.3,3.9,16.8,69.3,30.5,4.1,3.7,0.0
forvm,,,,,0,0.0,,0,0,,0.0,0.0,0.0,0.0,0.0,0.0,0.0,0.0,0.0,0.0
smartlunches,,,,5.5,10,2047.6,0.42629525516958927,0,0,,5.0,13.6,28.8,2.2,10.0,1200.0,153.2,10.0,60.0,564.8
restoremedicalsolutions,,restore-med,,,0,0.0,,0,0,,0.0,0.0,0.0,0.0,0.0,0.0,0.0,0.0,0.0,0.0
scratchwireless,,,,,0,0.0,,0,0,,0.0,0.0,0.0,0.0,0.0,0.0,0.0,0.0,0.0,0.0
fittr,,,,4.7,10,95.4,0.2866491743909568,0,0,,3.5,12.2,2.4,19.3,2.0,3.5,45.0,1.5,5.0,1.0
freebeepay,,,,,0,0.0,,0,0,,0.0,0.0,0.0,0.0,0.0,0.0,0.0,0.0,0.0,0.0
remarkhq,,,,,0,0.0,,0,0,,0.0,0.0,0.0,0.0,0.0,0.0,0.0,0.0,0.0,0.0
wildflowerhealth,,,,4.0,9,55.2,0.15519980046208778,0,0,,1.0,6.5,3.2,12.0,3.5,1.4,8.2,8.0,11.4,0.0
tapfunder,,,,,0,0.0,,0,0,,0.0,0.0,0.0,0.0,0.0,0.0,0.0,0.0,0.0,0.0
proletariat,,,,3.9,8,11361.9,0.4517179117214245,0,0,,45.5,135.0,7200.0,450.0,1500.0,5.0,26.4,2000.0,0.0,0.0
gigturn,,,,1.0,1,1.0,0.5,0,0,,1.0,0.0,0.0,0.0,0.0,0.0,0.0,0.0,0.0,0.0
goodco,,,,11.9,9,115.9,0.39282845510358594,0,0,,9.5,2.6,11.6,3.5,1.2,1.5,8.8,7.2,70.0,0.0
editorially,,,,,0,0.0,,0,0,,0.0,0.0,0.0,0.0,0.0,0.0,0.0,0.0,0.0,0.0
pivotdesk,,,,6.0,10,1382.1,0.8855660700020477,0,0,,4.3,6.4,29.0,4.5,8.0,1300.0,1.8,1.3,2.0,24.8
hukkster,,,,,0,0.0,,0,0,,0.0,0.0,0.0,0.0,0.0,0.0,0.0,0.0,0.0,0.0
rebelmouse,,,,3.1,8,5011.3,0.9188905577535411,0,0,,6.4,7.6,1.0,1.3,1.5,190.0,3.5,4800.0,0.0,0.0
transloc,,,,2.5,9,87.3,0.2131305855045537,0,0,,33.0,5.0,12.8,1.0,14.4,3.8,2.0,6.5,8.8,0.0
evereq,,evereq-inc,,,0,0.0,,0,0,,0.0,0.0,0.0,0.0,0.0,0.0,0.0,0.0,0.0,0.0
truesocialmetrics,,,,1.0,10,355.3,0.23904821437016355,0,0,,27.0,150.0,31.6,65.9,5.8,15.3,11.0,32.5,4.2,12.0
getmaid,,,,1.0,7,88.3,0.28794429573842906,0,0,,5.0,33.4,3.0,15.7,29.1,1.0,1.1,0.0,0.0,0.0
petcube,,,,1.2,10,336.0,0.429156037414966,0,0,,6.5,3.5,1.0,12.0,1.5,3.0,3.0,190.0,110.0,5.5
healthidprofile,,healthid,,,0,0.0,,0,0,,0.0,0.0,0.0,0.0,0.0,0.0,0.0,0.0,0.0,0.0
reschedge,,,,2.0,9,25.0,0.201312,0,0,,1.0,1.9,1.0,8.0,6.1,1.0,4.0,1.0,1.0,0.0
pipefish,,,,,0,0.0,,0,0,,0.0,0.0,0.0,0.0,0.0,0.0,0.0,0.0,0.0,0.0
cloudamize,,,,1.0,10,75.5,0.12510854787070744,0,0,,5.0,7.4,4.5,4.0,8.0,1.3,8.5,13.6,13.2,10.0
pixelle,,,,,0,0.0,,0,0,,0.0,0.0,0.0,0.0,0.0,0.0,0.0,0.0,0.0,0.0
galls,,,,214.9,9,53.3,0.1581722629176068,0,0,,3.2,5.0,4.9,4.1,3.0,2.8,15.7,6.0,8.6,0.0
advicewallet,,,,,0,0.0,,0,0,,0.0,0.0,0.0,0.0,0.0,0.0,0.0,0.0,0.0,0.0
massroots,,,,1.0,8,97.8,0.35743828438322023,0,0,,5.5,3.0,14.5,8.0,55.3,4.0,5.0,2.5,0.0,0.0
wearingdigital,,,,,0,0.0,,0,0,,0.0,0.0,0.0,0.0,0.0,0.0,0.0,0.0,0.0,0.0
mojio,,moj,,6.0,8,131090.3,0.9971004517973479,0,0,,5.0,4.0,3.0,1.0,1.8,170.0,5.5,130900.0,0.0,0.0
spikes,,,,15.0,10,1010.2,0.6606167673770307,0,0,,13.6,9.8,64.1,60.0,2.7,24.0,14.3,3.0,815.7,3.0
bookacoachcom,,,,,0,0.0,,0,0,,0.0,0.0,0.0,0.0,0.0,0.0,0.0,0.0,0.0,0.0
imperative,,,,6.4,1,3.0,0.5654142145767316,0,0,,3.0,0.0,0.0,0.0,0.0,0.0,0.0,0.0,0.0,0.0
threatstack,,,,1.5,10,1358.5,0.343498849715846,0,0,,18.5,4.0,10.0,278.9,5.0,101.5,8.5,229.1,702.0,1.0
pathwright,,,,,0,0.0,,0,0,,0.0,0.0,0.0,0.0,0.0,0.0,0.0,0.0,0.0,0.0
openidfoundation,,openid,,2.8,9,70.9,0.15102818686204572,0,0,,10.1,14.6,1.0,3.4,4.8,14.6,6.1,11.7,4.6,0.0
checkio,,,,,0,0.0,,0,0,,0.0,0.0,0.0,0.0,0.0,0.0,0.0,0.0,0.0,0.0
sparkpage,,,,,0,0.0,,0,0,,0.0,0.0,0.0,0.0,0.0,0.0,0.0,0.0,0.0,0.0
telylabs,,,,1.2,9,55245.7,0.8489600292641457,0,0,,94.1,102.5,25.0,9.0,1200.0,3000.0,8.1,50800.0,7.0,0.0
lovesurf,,,,,0,0.0,,0,0,,0.0,0.0,0.0,0.0,0.0,0.0,0.0,0.0,0.0,0.0
cleanify,,,,1.0,2,349.9,0.9723842218096691,0,0,,345.0,4.9,0.0,0.0,0.0,0.0,0.0,0.0,0.0,0.0
heartflow,,,,7.6,8,136.1,0.3441050444280446,0,0,,9.0,1.0,30.0,4.4,72.1,12.0,4.6,3.0,0.0,0.0
completeset,,,,1.0,10,797287.3,0.5013189434816774,0,0,,513.9,37.0,232900.0,48800.0,662.1,66.2,2400.0,6.7,1.4,511900.0
topfloor,,,,5.6,10,49.6,0.14129975286160248,0,0,,5.0,3.9,4.6,14.0,4.0,3.4,2.5,6.2,3.0,3.0
splicemachine,,,,4.3,10,635.6,0.3835085335343165,0,0,,21.0,8.5,10.0,13.5,5.0,9.5,1.0,365.7,102.0,99.4
ishbowl,,,,,0,0.0,,0,0,,0.0,0.0,0.0,0.0,0.0,0.0,0.0,0.0,0.0,0.0
pymetrics,,,,1.4,8,40.8,0.1714124375240292,0,0,,6.0,3.0,10.3,1.0,3.0,3.0,9.5,5.0,0.0,0.0
loopcommerce,,,,1.0,9,235355.7,0.9793448954433668,0,0,,5.0,1.0,5.0,40.0,1.0,2400.0,1.0,232900.0,2.7,0.0
cloudfinity,,,,,0,0.0,,0,0,,0.0,0.0,0.0,0.0,0.0,0.0,0.0,0.0,0.0,0.0
smartthings,,,,6.5,8,202.3,0.34123227960021785,0,0,,8.0,8.8,6.5,11.9,13.8,110.0,7.3,36.0,0.0,0.0
leanplum,,,,27.5,10,300.4,0.20478288159063548,0,0,,100.0,13.0,8.3,4.2,21.5,52.5,11.0,3.0,66.9,20.0
enchanteddiamonds,,,,,0,0.0,,0,0,,0.0,0.0,0.0,0.0,0.0,0.0,0.0,0.0,0.0,0.0
picovico,,,,1.0,9,30.8,0.1357100691516276,0,0,,6.4,4.6,5.0,2.3,3.8,1.7,1.0,3.0,3.0,0.0
linchpin,,linchpinlabs,,2.0,10,284.7,0.19506566540935813,0,0,,15.0,100.5,10.0,12.0,37.0,40.4,5.8,44.9,7.5,11.6
baqbeat,,,,,0,0.0,,0,0,,0.0,0.0,0.0,0.0,0.0,0.0,0.0,0.0,0.0,0.0
writerly,,,,,0,0.0,,0,0,,0.0,0.0,0.0,0.0,0.0,0.0,0.0,0.0,0.0,0.0
peer5,,,,15.0,10,3136.5,0.7477039213373727,0,0,,37.5,23.3,1.3,40.0,1.0,13.1,4.4,80.5,2700.0,235.4
gamziomobile,,gamzio-mobile-inc,,,0,0.0,,0,0,,0.0,0.0,0.0,0.0,0.0,0.0,0.0,0.0,0.0,0.0
blackjet,,,,5.0,10,179.4,0.14929611774166085,0,0,,25.0,15.0,5.0,10.0,4.4,30.4,40.8,5.0,32.8,11.0
intubus,,,,3.2,9,62.1,0.26818984495943116,0,0,,4.4,10.0,5.0,1.0,1.7,1.0,1.0,10.0,28.0,0.0
unleash,,,,10.0,6,30.8,0.7069488952605836,0,0,,1.0,1.0,1.0,1.0,1.0,25.8,0.0,0.0,0.0,0.0
rolltech,,,,,0,0.0,,0,0,,0.0,0.0,0.0,0.0,0.0,0.0,0.0,0.0,0.0,0.0
wymsee,,,,1.4,9,144.6,0.40312571141069276,0,0,,10.0,10.5,11.9,1.0,1.0,14.0,88.6,4.2,3.4,0.0
yasabe,,,,,0,0.0,,0,0,,0.0,0.0,0.0,0.0,0.0,0.0,0.0,0.0,0.0,0.0
frrole,,,,1.5,10,533.5,0.1928053411144069,0,0,,60.0,89.6,22.2,30.0,180.0,10.0,4.8,31.6,90.0,15.3
tenfoot,,,,,0,0.0,,0,0,,0.0,0.0,0.0,0.0,0.0,0.0,0.0,0.0,0.0,0.0
momentme,,,,,0,0.0,,0,0,,0.0,0.0,0.0,0.0,0.0,0.0,0.0,0.0,0.0,0.0
instacart,,,,80.0,9,163.4,0.5561177787199489,0,0,,17.8,120.0,1.8,2.0,1.1,3.6,6.2,7.9,3.0,0.0
eventslice,,,,1.0,0,0.0,1.0,0,0,,0.0,0.0,0.0,0.0,0.0,0.0,0.0,0.0,0.0,0.0
newsle,,,,1.0,10,1618.3,0.42692694321916824,0,0,,8.0,349.8,4.5,12.7,95.8,986.9,100.0,10.0,3.6,47.0
copypress,,,,5.3,5,165.7,0.40008573564938565,0,0,,13.0,51.5,4.9,6.3,90.0,0.0,0.0,0.0,0.0,0.0
easypost,,,,5.0,10,4941.4,0.5388688451683644,0,0,,3500.0,6.3,39.1,586.9,1.0,5.0,10.0,748.3,41.0,3.8
socii,,sociimedia,,,0,0.0,,0,0,,0.0,0.0,0.0,0.0,0.0,0.0,0.0,0.0,0.0,0.0
careporthealth,,,,3.0,10,443.5,0.2076059936271002,0,0,,5.1,34.5,64.0,139.7,52.5,4.2,5.0,15.0,10.0,113.5
protagenictherapeutics,,protagenic,,5.2,8,230.1,0.6907744322943316,0,0,,5.0,189.9,5.0,5.0,1.0,2.5,20.7,1.0,0.0,0.0
carhootscom,,,,,0,0.0,,0,0,,0.0,0.0,0.0,0.0,0.0,0.0,0.0,0.0,0.0,0.0
stupil,,,,,0,0.0,,0,0,,0.0,0.0,0.0,0.0,0.0,0.0,0.0,0.0,0.0,0.0
hublished,,,,1.0,10,4845.8,0.8634822529560415,0,0,,15.0,10.0,5.0,25.0,41.9,90.6,25.0,119.8,4500.0,13.5
enchroma,,,,2.8,0,0.0,1.0,0,0,,0.0,0.0,0.0,0.0,0.0,0.0,0.0,0.0,0.0,0.0
placemeter,,,,5.1,10,149.4,0.30365818472461914,0,0,,1.0,3.0,3.0,2.2,26.3,8.0,16.1,5.9,75.0,8.9
oncontracting,,,,3.0,10,299.8,0.7348886360086178,0,0,,4.0,3.9,2.0,7.0,2.0,256.5,4.0,6.0,4.4,10.0
reelgenie,,,,14.3,9,100.2,0.18465663483412417,0,0,,16.4,7.9,13.7,33.6,6.8,10.0,6.7,1.6,3.5,0.0
oysterbookscom,,,,,0,0.0,,0,0,,0.0,0.0,0.0,0.0,0.0,0.0,0.0,0.0,0.0,0.0
crowdmed,,,,1.0,10,281.3,0.185569411430779,0,0,,4.0,3.3,15.0,47.3,25.0,25.0,94.1,14.3,41.9,11.4
selligy,,,,5.5,10,199.7,0.3566674498477812,0,0,,9.0,2.8,5.8,6.5,25.0,113.2,23.0,7.0,6.4,1.0
grantoo,,toolontool,,,0,0.0,,0,0,,0.0,0.0,0.0,0.0,0.0,0.0,0.0,0.0,0.0,0.0
lytics,,getlytics,,4.4,10,276.8,0.351376904507334,0,0,,5.1,3.6,7.5,1.5,150.0,20.0,60.0,7.0,15.0,7.1
caprally,,,,,0,0.0,,0,0,,0.0,0.0,0.0,0.0,0.0,0.0,0.0,0.0,0.0,0.0
gocella,,,,,0,0.0,,0,0,,0.0,0.0,0.0,0.0,0.0,0.0,0.0,0.0,0.0,0.0
rentjiffy,,,,,0,0.0,,0,0,,0.0,0.0,0.0,0.0,0.0,0.0,0.0,0.0,0.0,0.0
ragbone,,rag-bone,,56.1,10,27575.0,0.2670831138023802,0,0,,50.0,3500.0,2900.0,535.0,190.0,800.0,6000.0,12000.0,1100.0,500.0
hetexted,,,,,0,0.0,,0,0,,0.0,0.0,0.0,0.0,0.0,0.0,0.0,0.0,0.0,0.0
matchpoint,,matchpointagency,,4.8,9,45.6,0.16232879347491536,0,0,,8.0,4.4,2.9,3.2,2.6,1.0,3.9,6.6,13.0,0.0
cozy,,,,5.0,10,431.1,0.3995184538955414,0,0,,3.4,5.7,36.5,1.5,35.3,253.6,4.0,4.1,1.7,85.3
wikisway,,,,,0,0.0,,0,0,,0.0,0.0,0.0,0.0,0.0,0.0,0.0,0.0,0.0,0.0
skillz,,,,400.0,6,15.5,0.4422476586888658,0,0,,1.5,1.0,10.0,1.0,1.0,1.0,0.0,0.0,0.0,0.0
derbywire,,,,,0,0.0,,0,0,,0.0,0.0,0.0,0.0,0.0,0.0,0.0,0.0,0.0,0.0
tindie,,,,6.9,9,144.8,0.18801127865449774,0,0,,25.1,13.0,15.0,42.7,3.0,2.9,11.3,1.0,30.8,0.0
socialthreader,,,,,0,0.0,,0,0,,0.0,0.0,0.0,0.0,0.0,0.0,0.0,0.0,0.0,0.0
trifacta,,,,20.0,10,852.2,0.22168873516540236,0,0,,204.3,211.7,6.9,85.3,9.5,3.0,45.0,253.6,8.0,24.9
ember,,goember,,,0,0.0,,0,0,,0.0,0.0,0.0,0.0,0.0,0.0,0.0,0.0,0.0,0.0
lanica,,,,,0,0.0,,0,0,,0.0,0.0,0.0,0.0,0.0,0.0,0.0,0.0,0.0,0.0
vividcortex,,,,6.4,10,724.1,0.3924763733867439,0,0,,424.8,102.0,3.4,70.0,4.1,4.0,99.4,3.0,6.0,7.4
lanterncrm,,,,,0,0.0,,0,0,,0.0,0.0,0.0,0.0,0.0,0.0,0.0,0.0,0.0,0.0
dreamise,,,,,0,0.0,,0,0,,0.0,0.0,0.0,0.0,0.0,0.0,0.0,0.0,0.0,0.0
fameus,,,,,0,0.0,,0,0,,0.0,0.0,0.0,0.0,0.0,0.0,0.0,0.0,0.0,0.0
razorbearcom,,,,,0,0.0,,0,0,,0.0,0.0,0.0,0.0,0.0,0.0,0.0,0.0,0.0,0.0
yozio,,,,1.0,9,33.1,0.19807230675149004,0,0,,3.1,5.0,1.1,4.7,1.0,2.0,1.3,12.0,2.9,0.0
powerlinx,,,,5.0,9,51268.5,0.9073512005273248,0,0,,19.4,6.0,11.4,48800.0,87.3,495.2,3.2,1800.0,46.0,0.0
toktv,,tokyotv,,,0,0.0,,0,0,,0.0,0.0,0.0,0.0,0.0,0.0,0.0,0.0,0.0,0.0
floqq,,,,1.0,6,259.9,0.3727853714713431,0,0,,11.5,10.0,28.0,2.9,67.5,140.0,0.0,0.0,0.0,0.0
jupitee,,,,,0,0.0,,0,0,,0.0,0.0,0.0,0.0,0.0,0.0,0.0,0.0,0.0,0.0
healthrecoverysolutions,,,,6.9,9,64.5,0.1442629649660477,0,0,,14.4,11.6,3.0,5.0,3.0,6.0,4.0,6.5,11.0,0.0
orbose,,,,,0,0.0,,0,0,,0.0,0.0,0.0,0.0,0.0,0.0,0.0,0.0,0.0,0.0
microtransponder,,,,5.0,10,50594.5,0.5725022756715636,0,0,,9.0,20.0,9800.0,3900.0,36800.0,1.0,1.0,52.2,2.7,8.6
sookasa,,,,5.8,9,118643.0,0.9975911664651721,0,0,,22.5,33.8,44.8,13.2,4.3,21.6,1.8,1.0,118500.0,0.0
reifyhealth,,,,4.4,9,181.9,0.1851499700341004,0,0,,1.0,26.8,3.8,41.5,5.0,35.0,3.0,44.0,21.8,0.0
bandwidthcom,,,,,0,0.0,,0,0,,0.0,0.0,0.0,0.0,0.0,0.0,0.0,0.0,0.0,0.0
levantpower,,,,,0,0.0,,0,0,,0.0,0.0,0.0,0.0,0.0,0.0,0.0,0.0,0.0,0.0
guidecentral,,guidecentr,,,0,0.0,,0,0,,0.0,0.0,0.0,0.0,0.0,0.0,0.0,0.0,0.0,0.0
piqora,,,,2.0,9,30.8,0.1280148423005566,0,0,,3.9,2.0,3.0,5.5,1.1,2.9,4.4,5.0,3.0,0.0
postmasterio,,,,,0,0.0,,0,0,,0.0,0.0,0.0,0.0,0.0,0.0,0.0,0.0,0.0,0.0
blueapron,,,,667.6,10,434.6,0.378652241488595,0,0,,17.0,10.0,10.0,50.0,255.0,52.6,3.0,10.0,2.0,25.0
execonline,,,,4.9,9,1090.2,0.29962123824196363,0,0,,215.7,5.0,3.0,4.4,173.7,513.8,64.3,4.4,105.9,0.0
mercurycontinuity,,,,,0,0.0,,0,0,,0.0,0.0,0.0,0.0,0.0,0.0,0.0,0.0,0.0,0.0
fuzeus,,,,3.6,5,83.9,0.46447399637175196,0,0,,27.4,3.9,1.0,50.0,1.6,0.0,0.0,0.0,0.0,0.0
asthmamd,,,,,0,0.0,,0,0,,0.0,0.0,0.0,0.0,0.0,0.0,0.0,0.0,0.0,0.0
cnekt,,cnekt-company-profile,,,0,0.0,,0,0,,0.0,0.0,0.0,0.0,0.0,0.0,0.0,0.0,0.0,0.0
salido,,,,1.5,10,137.9,0.17566354532743036,0,0,,12.0,11.8,14.5,8.5,1.0,5.0,5.7,24.5,10.0,44.9
dmass,,3dmass,,,0,0.0,,0,0,,0.0,0.0,0.0,0.0,0.0,0.0,0.0,0.0,0.0,0.0
socialkaty,,,,,0,0.0,,0,0,,0.0,0.0,0.0,0.0,0.0,0.0,0.0,0.0,0.0,0.0
solavei,,,,1.9,2,22.1,0.5045146495771995,0,0,,10.0,12.1,0.0,0.0,0.0,0.0,0.0,0.0,0.0,0.0
origamilogic,,,,6.5,10,196.8,0.3635753354484764,0,0,,25.0,113.2,15.0,5.1,5.8,13.0,3.1,13.1,1.0,2.5
zelgor,,,,1.0,6,34.6,0.5929032042500585,0,0,,1.0,1.0,26.2,1.0,4.4,1.0,0.0,0.0,0.0,0.0
tapingo,,,,5.0,9,1356.0,0.9195382045057039,0,0,,1300.0,6.0,4.0,7.0,4.0,25.0,6.0,1.0,3.0,0.0
zaozao,,shopzaozao,,,0,0.0,,0,0,,0.0,0.0,0.0,0.0,0.0,0.0,0.0,0.0,0.0,0.0
brightbytes,,,,5.0,10,2017.4,0.2669189963644242,0,0,,10.0,186.0,1.0,83.5,209.5,7.5,714.4,694.5,25.0,86.0
aboslabs,,,,,0,0.0,,0,0,,0.0,0.0,0.0,0.0,0.0,0.0,0.0,0.0,0.0,0.0
onthegoplatforms,,,,,0,0.0,,0,0,,0.0,0.0,0.0,0.0,0.0,0.0,0.0,0.0,0.0,0.0
biowish,,,,,0,0.0,,0,0,,0.0,0.0,0.0,0.0,0.0,0.0,0.0,0.0,0.0,0.0
joinem,,,,2.7,3,15.9,0.35002571100826707,0,0,,3.8,5.4,6.7,0.0,0.0,0.0,0.0,0.0,0.0,0.0
onemorepallet,,,,1.0,10,415.2,0.5418044928553132,0,0,,15.0,50.0,1.0,300.0,1.0,3.2,12.0,18.0,14.0,1.0
wigwag,,,,8.0,8,201.7,0.3661212367164673,0,0,,6.5,8.8,6.5,110.0,1.0,10.6,8.9,49.4,0.0,0.0
tippingpointlabs,,,,,0,0.0,,0,0,,0.0,0.0,0.0,0.0,0.0,0.0,0.0,0.0,0.0,0.0
eventstir,,,,,0,0.0,,0,0,,0.0,0.0,0.0,0.0,0.0,0.0,0.0,0.0,0.0,0.0
padlet,,,,2.0,10,44.4,0.1681580228877526,0,0,,1.5,1.0,6.0,2.8,7.0,1.0,1.0,11.5,3.0,9.6
entelo,,,,5.0,9,198.3,0.31666161871622356,0,0,,5.0,1.4,95.8,5.7,2.0,30.0,10.0,47.0,1.4,0.0
everbill,,,,,0,0.0,,0,0,,0.0,0.0,0.0,0.0,0.0,0.0,0.0,0.0,0.0,0.0
mapdecisions,,,,,0,0.0,,0,0,,0.0,0.0,0.0,0.0,0.0,0.0,0.0,0.0,0.0,0.0
webflow,,,,4.0,9,77.2,0.19476026202045693,0,0,,2.0,2.5,5.0,23.0,4.0,20.7,10.0,4.0,6.0,0.0
bettercloud,,,,12.4,9,124.3,0.21358092850129673,0,0,,2.0,4.3,5.5,13.2,3.9,44.8,22.7,5.4,22.5,0.0
nuzzel,,,,4.0,9,370.2,0.5851752421997425,0,0,,45.0,10.0,6.5,8.0,3.4,5.3,7.1,5.9,279.0,0.0
wideo,,,,4.0,8,36.3,0.17998922356548203,0,0,,4.0,2.5,1.0,6.4,5.0,3.0,3.0,11.4,0.0,0.0
materialwrld,,,,2.7,10,290.8,0.315245473758299,0,0,,37.9,140.0,1.0,1.0,1.0,25.0,70.0,7.5,6.0,1.4
carrentalscom,,carrentals911,,,0,0.0,,0,0,,0.0,0.0,0.0,0.0,0.0,0.0,0.0,0.0,0.0,0.0
instreamia,,,,,0,0.0,,0,0,,0.0,0.0,0.0,0.0,0.0,0.0,0.0,0.0,0.0,0.0
yellarewards,,,,,0,0.0,,0,0,,0.0,0.0,0.0,0.0,0.0,0.0,0.0,0.0,0.0,0.0
partender,,,,3.3,9,102.3,0.1626758551363603,0,0,,8.8,1.0,1.5,5.0,14.5,14.9,25.9,18.7,12.0,0.0
charlieapp,,,,1.0,8,520340.5,0.3809212826560912,0,0,,6.3,3.2,28.0,136200.0,118500.0,2.0,265600.0,1.0,0.0,0.0
ridescout,,,,,0,0.0,,0,0,,0.0,0.0,0.0,0.0,0.0,0.0,0.0,0.0,0.0,0.0
yieldmo,,,,2.0,10,728.1,0.2989577397874456,0,0,,1.0,18.6,150.0,15.0,217.7,14.5,5.0,296.2,5.5,4.6
prxconsulting,,,,,0,0.0,,0,0,,0.0,0.0,0.0,0.0,0.0,0.0,0.0,0.0,0.0,0.0
preact,,,,,0,0.0,,0,0,,0.0,0.0,0.0,0.0,0.0,0.0,0.0,0.0,0.0,0.0
studysoup,,,,,0,0.0,,0,0,,0.0,0.0,0.0,0.0,0.0,0.0,0.0,0.0,0.0,0.0
workspot,,,,8.8,10,14125.7,0.4487615001153022,0,0,,57.8,7.0,20.0,4.0,48.4,3000.0,8700.0,2200.0,87.5,1.0
ifunding,,,,2.0,9,80.4,0.19116791663572683,0,0,,5.0,3.8,3.0,14.7,3.5,6.4,25.0,17.0,2.0,0.0
backstitch,,backstit,,,0,0.0,,0,0,,0.0,0.0,0.0,0.0,0.0,0.0,0.0,0.0,0.0,0.0
lawkick,,,,3.8,9,57.7,0.16360545341499239,0,0,,2.0,2.0,9.5,1.0,6.2,15.0,6.0,5.0,11.0,0.0
trumaker,,,,4.4,9,269.2,0.2707847146020679,0,0,,87.0,1.5,12.0,10.0,47.5,6.9,1.0,97.3,6.0,0.0
spacebarfm,,,,,0,0.0,,0,0,,0.0,0.0,0.0,0.0,0.0,0.0,0.0,0.0,0.0,0.0
bluenoseanalytics,,bluenose,,4.0,8,40.2,0.15557783223187543,0,0,,7.6,7.1,4.0,5.0,2.0,8.5,5.0,1.0,0.0,0.0
oximity,,,,,0,0.0,,0,0,,0.0,0.0,0.0,0.0,0.0,0.0,0.0,0.0,0.0,0.0
teachboost,,,,1.0,10,127.5,0.2524069204152249,0,0,,5.0,8.4,10.0,6.1,6.4,2.9,26.0,1.5,55.8,5.4
digitaltrowel,,,,,0,0.0,,0,0,,0.0,0.0,0.0,0.0,0.0,0.0,0.0,0.0,0.0,0.0
terraechos,,,,,0,0.0,,0,0,,0.0,0.0,0.0,0.0,0.0,0.0,0.0,0.0,0.0,0.0
lever,,,,5.5,9,189.8,0.34414907378517234,0,0,,2.0,1.0,1.0,30.0,95.8,2.0,1.0,10.0,47.0,0.0
applovin,,,,234.2,10,736.5,0.47467485570778656,0,0,,21.5,20.0,13.0,11.0,100.0,20.2,3.4,1.8,52.5,493.1
gabonline,,gab,,,0,0.0,,0,0,,0.0,0.0,0.0,0.0,0.0,0.0,0.0,0.0,0.0,0.0
ohheyworld,,,,,0,0.0,,0,0,,0.0,0.0,0.0,0.0,0.0,0.0,0.0,0.0,0.0,0.0
j2softwaresolutions,,j2ss,,,0,0.0,,0,0,,0.0,0.0,0.0,0.0,0.0,0.0,0.0,0.0,0.0,0.0
guardanthealth,,,,86.8,10,2753.9,0.7181167343461482,0,0,,3.8,7.5,1.0,12.0,394.1,1.3,2300.0,3.5,24.2,6.5
bookboard,,,,1.0,10,72.4,0.17571197460394983,0,0,,7.5,2.7,1.0,1.0,19.0,2.5,2.3,8.0,17.0,11.4
bonfaire,,,,,0,0.0,,0,0,,0.0,0.0,0.0,0.0,0.0,0.0,0.0,0.0,0.0,0.0
munchaway,,,,,0,0.0,,0,0,,0.0,0.0,0.0,0.0,0.0,0.0,0.0,0.0,0.0,0.0
vidaao,,,,,0,0.0,,0,0,,0.0,0.0,0.0,0.0,0.0,0.0,0.0,0.0,0.0,0.0
appthority,,,,2.7,10,2401.8,0.4349627729795264,0,0,,8.5,2.7,28.9,5.9,25.0,1400.0,25.0,717.0,181.1,7.7
traffio,,,,,0,0.0,,0,0,,0.0,0.0,0.0,0.0,0.0,0.0,0.0,0.0,0.0,0.0
wealthylife,,,,,0,0.0,,0,0,,0.0,0.0,0.0,0.0,0.0,0.0,0.0,0.0,0.0,0.0
userpod,,,,6.4,10,163.5,0.1623024623815803,0,0,,3.7,20.3,8.4,25.4,10.0,30.2,2.9,42.6,19.0,1.0
moonclerk,,,,,0,0.0,,0,0,,0.0,0.0,0.0,0.0,0.0,0.0,0.0,0.0,0.0,0.0
edsurge,,,,2.2,9,9004.8,0.8717832659251558,0,0,,3.0,4.1,1.0,6.5,1.0,100.0,250.0,8400.0,239.2,0.0
wiseio,,,,,0,0.0,,0,0,,0.0,0.0,0.0,0.0,0.0,0.0,0.0,0.0,0.0,0.0
teralytics,,,,1.0,10,5384.4,0.43688006909835647,0,0,,1000.0,60.0,10.0,37.7,3300.0,875.2,34.5,1.0,60.0,6.0
everypost,,,,3.8,10,343.5,0.2550534463068549,0,0,,27.0,32.5,1.0,5.7,65.9,31.6,1.9,9.4,18.5,150.0
launchkey,,,,1.4,10,495.1,0.1665411315684661,0,0,,74.5,66.3,10.0,5.0,33.5,20.0,57.0,109.8,118.0,1.0
nastygal,,,,77.0,10,395.5,0.413316881925454,0,0,,20.0,5.0,242.8,50.0,5.0,1.0,50.0,4.0,2.7,15.0
recargo,,,,3.1,10,21651.9,0.9860340157170696,0,0,,80.0,12.0,12.5,15.5,4.0,1.0,21500.0,22.0,2.4,2.5
repp,,,,,0,0.0,,0,0,,0.0,0.0,0.0,0.0,0.0,0.0,0.0,0.0,0.0,0.0
cloze,,,,1.1,9,558.2,0.7758824783710655,0,0,,1.4,4.6,2.0,7.0,7.4,28.0,10.0,490.6,7.2,0.0
vaunte,,,,,0,0.0,,0,0,,0.0,0.0,0.0,0.0,0.0,0.0,0.0,0.0,0.0,0.0
engodo,,,,,0,0.0,,0,0,,0.0,0.0,0.0,0.0,0.0,0.0,0.0,0.0,0.0,0.0
equitylancer,,,,,0,0.0,,0,0,,0.0,0.0,0.0,0.0,0.0,0.0,0.0,0.0,0.0,0.0
tagboard,,,,5.5,10,253.5,0.4216685534664597,0,0,,3.8,1.0,2.0,3.4,150.0,65.9,8.4,10.0,7.0,2.0
leadid,,lead-id,,9.9,5,107.7,0.2812939412670948,0,0,,33.3,13.6,4.4,14.8,41.6,0.0,0.0,0.0,0.0,0.0
psyqic,,,,,0,0.0,,0,0,,0.0,0.0,0.0,0.0,0.0,0.0,0.0,0.0,0.0,0.0
doublerobotics,,,,3.7,7,30.4,0.20498614958448755,0,0,,5.2,1.8,5.4,2.0,10.0,5.0,1.0,0.0,0.0,0.0
xocommunications,,xo,,1700.0,10,300.4,0.20056835005611692,0,0,,19.0,29.3,100.0,61.6,1.0,1.0,5.0,6.9,44.5,32.1
lazyangel,,,,,0,0.0,,0,0,,0.0,0.0,0.0,0.0,0.0,0.0,0.0,0.0,0.0,0.0
spothero,,,,6.0,10,66.2,0.25881928788528763,0,0,,5.0,5.0,1.5,3.0,2.0,26.2,1.1,2.0,1.0,19.4
growmobile,,,,3.3,10,358.0,0.3547017883336975,0,0,,4.4,85.6,2.4,12.9,4.4,22.7,191.9,21.5,1.4,10.8
flightcar,,,,2.4,10,396.5,0.5283195806942526,0,0,,10.0,4.4,10.0,278.9,3.5,3.0,3.0,70.0,10.7,3.0
universitynow,,unow,,1.0,10,282.4,0.2070213126660193,0,0,,33.9,67.5,89.9,48.3,10.3,5.6,3.0,6.4,3.8,13.7
nightpro,,,,1.0,3,3.0,0.3333333333333333,0,0,,1.0,1.0,1.0,0.0,0.0,0.0,0.0,0.0,0.0,0.0
vyclone,,,,,0,0.0,,0,0,,0.0,0.0,0.0,0.0,0.0,0.0,0.0,0.0,0.0,0.0
slicgames,,,,,0,0.0,,0,0,,0.0,0.0,0.0,0.0,0.0,0.0,0.0,0.0,0.0,0.0
zenobase,,,,,0,0.0,,0,0,,0.0,0.0,0.0,0.0,0.0,0.0,0.0,0.0,0.0,0.0
lookingglasscybersolutions,,lookingglasscyber,,12.0,10,432.5,0.6941932707407531,0,0,,5.0,3.0,4.0,35.0,4.4,358.3,5.0,5.0,11.3,1.5
spogo,,,,,0,0.0,,0,0,,0.0,0.0,0.0,0.0,0.0,0.0,0.0,0.0,0.0,0.0
repunch,,,,,0,0.0,,0,0,,0.0,0.0,0.0,0.0,0.0,0.0,0.0,0.0,0.0,0.0
rollbar,,,,6.0,10,58.8,0.343120921838123,0,0,,4.5,3.3,2.0,3.4,3.8,3.1,1.0,3.3,33.2,1.2
robotoki,,,,,0,0.0,,0,0,,0.0,0.0,0.0,0.0,0.0,0.0,0.0,0.0,0.0,0.0
rallyware,,,,4.0,10,1046.5,0.32232549104025454,0,0,,25.0,531.6,60.0,18.0,14.0,65.7,8.5,87.2,4.9,231.6
shiftlabs,,,,3.2,9,138.9,0.2181435852302442,0,0,,3.3,20.0,6.0,7.7,20.0,9.5,13.5,54.9,4.0,0.0
skilledwizard,,,,,0,0.0,,0,0,,0.0,0.0,0.0,0.0,0.0,0.0,0.0,0.0,0.0,0.0
wanderfulmedia,,wanderfu,,,0,0.0,,0,0,,0.0,0.0,0.0,0.0,0.0,0.0,0.0,0.0,0.0,0.0
eshares,,carta,,17.0,10,315.8,0.3229513312190839,0,0,,8.9,39.2,100.0,2.0,2.0,5.0,5.6,143.1,5.0,5.0
noredink,,,,1.0,9,284.1,0.4289466566707317,0,0,,5.4,8.8,31.7,7.7,25.1,20.1,1.5,3.8,180.0,0.0
careinsync,,,,,0,0.0,,0,0,,0.0,0.0,0.0,0.0,0.0,0.0,0.0,0.0,0.0,0.0
vinny,,,,,0,0.0,,0,0,,0.0,0.0,0.0,0.0,0.0,0.0,0.0,0.0,0.0,0.0
kamcord,,,,1.0,10,66.3,0.24202571154926758,0,0,,5.1,4.9,5.0,5.4,2.2,4.4,1.0,4.3,30.0,4.0
medstartr,,,,4.6,10,113.1,0.18035806282399167,0,0,,5.0,19.4,5.0,34.6,7.7,6.5,23.0,4.9,5.0,2.0
bluepillar,,,,12.0,10,128.0,0.190855712890625,0,0,,20.0,5.0,2.0,5.0,6.2,45.0,5.0,15.0,17.5,7.3
xockets,,,,,0,0.0,,0,0,,0.0,0.0,0.0,0.0,0.0,0.0,0.0,0.0,0.0,0.0
celery,,,,,0,0.0,,0,0,,0.0,0.0,0.0,0.0,0.0,0.0,0.0,0.0,0.0,0.0
clever,,,,2.7,9,89.1,0.25613788464517984,0,0,,1.0,9.3,12.0,2.9,39.1,4.4,4.4,15.0,1.0,0.0
statwing,,,,5.0,7,128.9,0.23410056207535143,0,0,,10.0,1.0,8.9,45.4,35.1,12.0,16.5,0.0,0.0,0.0
twitch,,,,30.0,8,9322.9,0.9326972978053284,0,0,,10.0,27.2,5.5,21.0,9000.0,255.8,2.4,1.0,0.0,0.0
lifx,,,,2.4,9,5958.2,0.31851278203318234,0,0,,4.8,1.0,452.4,715.3,768.6,12.0,4.1,1000.0,3000.0,0.0
subtledata,,,,,0,0.0,,0,0,,0.0,0.0,0.0,0.0,0.0,0.0,0.0,0.0,0.0,0.0
bluetrainmobile,,bitgroup,,,0,0.0,,0,0,,0.0,0.0,0.0,0.0,0.0,0.0,0.0,0.0,0.0,0.0
seedspark,,,,1.0,3,13.4,0.35520160392069505,0,0,,4.4,5.9,3.1,0.0,0.0,0.0,0.0,0.0,0.0,0.0
udacity,,,,67.5,8,100.4,0.2858962556149902,0,0,,48.3,3.0,6.4,3.8,13.7,15.9,5.3,4.0,0.0,0.0
snapwire,,snapwi,,3.8,8,87.9,0.2525636097489002,0,0,,2.9,2.9,1.0,25.2,13.3,9.5,32.1,1.0,0.0,0.0
littlecollectorcom,,,,,0,0.0,,0,0,,0.0,0.0,0.0,0.0,0.0,0.0,0.0,0.0,0.0,0.0
drawbridge,,,,20.0,8,393.0,0.4402169000770481,0,0,,15.0,2.0,38.9,20.0,30.0,13.0,20.4,253.7,0.0,0.0
voicegem,,,,,0,0.0,,0,0,,0.0,0.0,0.0,0.0,0.0,0.0,0.0,0.0,0.0,0.0
blueseatmedia,,,,,0,0.0,,0,0,,0.0,0.0,0.0,0.0,0.0,0.0,0.0,0.0,0.0,0.0
conocophillips,,,,38700.0,10,1271513.3,0.19294731943660126,0,0,,6600.0,10200.0,10700.0,125300.0,91800.0,209300.0,166300.0,279300.0,413.3,371600.0
creandum,,,,4.0,10,191.6,0.18055676622748332,0,0,,15.7,7.3,18.2,16.0,15.7,7.7,14.4,18.8,8.5,69.3
triangleangelpartners,,,,,0,0.0,,0,0,,0.0,0.0,0.0,0.0,0.0,0.0,0.0,0.0,0.0,0.0
continu,,,,,0,0.0,,0,0,,0.0,0.0,0.0,0.0,0.0,0.0,0.0,0.0,0.0,0.0
mangohealth,,,,1.0,10,149.1,0.4684674107691083,0,0,,11.4,8.7,12.4,1.2,3.4,4.0,3.0,1.0,4.0,100.0
strikingly,,,,4.0,9,60259.9,0.8598834049620023,0,0,,558.1,25.0,65.0,1.1,4.7,6.0,55800.0,1100.0,2700.0,0.0
lantronix,,,,47.3,10,7637.5,0.4717132734992139,0,0,,245.5,44.4,64.5,40.0,12.0,60.0,2.8,5000.0,868.3,1300.0
ninjametrics,,,,2.0,9,314.1,0.31640266084701407,0,0,,5.0,5.0,4.9,141.0,100.0,4.4,21.5,4.8,27.5,0.0
sureify,,,,1.0,9,105.2,0.26654823692694707,0,0,,2.0,2.3,1.9,42.0,2.0,30.0,14.0,3.0,8.0,0.0
convrrt,,,,1.7,8,158.6,0.21430661414743443,0,0,,38.6,8.9,2.6,5.0,1.0,21.8,35.0,45.7,0.0,0.0
ridepost,,,,,0,0.0,,0,0,,0.0,0.0,0.0,0.0,0.0,0.0,0.0,0.0,0.0,0.0
listnerd,,,,,0,0.0,,0,0,,0.0,0.0,0.0,0.0,0.0,0.0,0.0,0.0,0.0,0.0
nuhabitat,,,,,0,0.0,,0,0,,0.0,0.0,0.0,0.0,0.0,0.0,0.0,0.0,0.0,0.0
chalkfly,,repurpose,,,0,0.0,,0,0,,0.0,0.0,0.0,0.0,0.0,0.0,0.0,0.0,0.0,0.0
conceptdrop,,,,4.0,10,76.6,0.18405947276210213,0,0,,27.0,1.0,6.3,7.0,6.7,4.9,9.5,1.7,3.0,9.5
theminervaproject,,,,,0,0.0,,0,0,,0.0,0.0,0.0,0.0,0.0,0.0,0.0,0.0,0.0,0.0
appetite,,,,1.2,1,7.6,0.7644628099173554,0,0,,7.6,0.0,0.0,0.0,0.0,0.0,0.0,0.0,0.0,0.0
hoppit,,,,,0,0.0,,0,0,,0.0,0.0,0.0,0.0,0.0,0.0,0.0,0.0,0.0,0.0
arcametricssystems,,arcametrics,,,0,0.0,,0,0,,0.0,0.0,0.0,0.0,0.0,0.0,0.0,0.0,0.0,0.0
upstart,,,,4.0,10,15615.1,0.9853334753337241,0,0,,7.5,1.4,70.0,5.0,5.1,4.1,7.0,8.5,15500.0,6.5
floored,,,,2.0,10,78.3,0.3348991745081057,0,0,,1.2,4.0,3.0,41.0,3.0,1.0,17.7,1.1,4.0,2.3
remedysystems,,,,,0,0.0,,0,0,,0.0,0.0,0.0,0.0,0.0,0.0,0.0,0.0,0.0,0.0
paperkarma,,,,1.0,8,113.1,0.24747393017767114,0,0,,4.4,3.5,13.7,6.0,2.4,9.0,43.3,30.8,0.0,0.0
histowiz,,,,10.0,10,140.6,0.15717034695847304,0,0,,30.9,27.8,21.5,5.0,4.0,8.0,3.5,9.6,4.0,26.3
kitchensurfing,,,,1.6,9,62.1,0.26137521684675646,0,0,,2.0,2.5,1.5,28.1,11.5,5.0,4.6,4.8,2.1,0.0
stackdriver,,,,1.0,10,715.2,0.43984000814527874,0,0,,21.0,4.5,445.6,143.3,4.0,9.0,72.4,7.4,5.0,3.0
coinbase,,,,139.6,10,80.1,0.1362139398161786,0,0,,12.0,17.9,11.0,4.0,6.0,3.0,4.5,2.0,12.0,7.7
archively,,,,,0,0.0,,0,0,,0.0,0.0,0.0,0.0,0.0,0.0,0.0,0.0,0.0,0.0
swipp,,,,2.4,7,138.9,0.20370949157760684,0,0,,3.8,21.9,4.1,14.2,30.1,22.1,42.7,0.0,0.0,0.0
promolta,,,,1.1,10,181.6,0.33868185875914536,0,0,,2.0,3.7,18.5,20.0,8.0,100.0,2.5,15.0,10.6,1.3
tribr,,,,,0,0.0,,0,0,,0.0,0.0,0.0,0.0,0.0,0.0,0.0,0.0,0.0,0.0
appetas,,,,,0,0.0,,0,0,,0.0,0.0,0.0,0.0,0.0,0.0,0.0,0.0,0.0,0.0
shopsy,,,,1.0,10,707.2,0.5687480325187855,0,0,,4.5,513.9,4.0,25.0,6.7,1.4,5.0,3.7,3.0,140.0
stanfy,,,,1.0,9,118.1,0.16401017808785878,0,0,,15.7,5.0,15.0,21.0,20.0,2.5,30.0,3.0,5.9,0.0
pigeonly,,pigeon,,2.0,10,114.6,0.16954792296751126,0,0,,6.0,10.0,5.0,7.0,28.5,7.4,8.7,32.0,5.0,5.0
partnered,,,,,0,0.0,,0,0,,0.0,0.0,0.0,0.0,0.0,0.0,0.0,0.0,0.0,0.0
contigofinancial,,,,1.0,10,4791.1,0.2144444992128456,0,0,,13.4,1100.0,475.0,1100.0,6.4,17.5,95.3,1400.0,553.5,30.0
plympton,,,,,0,0.0,,0,0,,0.0,0.0,0.0,0.0,0.0,0.0,0.0,0.0,0.0,0.0
upworthy,,,,4.0,10,916.3,0.41217470786792787,0,0,,300.0,3.1,10.0,500.0,76.0,10.0,5.7,3.3,3.2,5.0
highfive,,,,7.0,10,80994.7,0.9659389223495662,0,0,,15.0,102.5,9.0,11.4,493.1,3.7,442.0,25.0,293.0,79600.0
connectifier,,,,2.9,9,56.3,0.21508412494597262,0,0,,5.0,5.0,2.6,22.5,5.7,1.0,7.5,2.0,5.0,0.0
fundersclub,,,,3.9,10,117.2,0.5130461624480191,0,0,,3.0,4.9,4.1,5.0,1.8,5.0,83.1,4.1,2.0,4.2
endurancelendingnetwork,,,,,0,0.0,,0,0,,0.0,0.0,0.0,0.0,0.0,0.0,0.0,0.0,0.0,0.0
hiptype,,,,,0,0.0,,0,0,,0.0,0.0,0.0,0.0,0.0,0.0,0.0,0.0,0.0,0.0
sonda41,,,,,0,0.0,,0,0,,0.0,0.0,0.0,0.0,0.0,0.0,0.0,0.0,0.0,0.0
thinkful,,,,4.5,10,34.7,0.22406132431961065,0,0,,2.0,4.0,1.0,4.1,14.6,1.4,1.5,1.0,2.0,3.1
syncbak,,,,10.7,10,255.8,0.20838486136488815,0,0,,52.5,25.0,29.6,31.4,10.0,4.8,2.0,6.9,3.0,90.6
plutora,,,,12.0,10,657.0,0.40112378344441896,0,0,,19.5,19.7,20.5,1.0,15.0,52.0,88.0,6.0,35.3,400.0
neighborly,,,,3.0,10,48.9,0.13406183480330042,0,0,,1.7,2.0,3.2,10.6,5.1,4.1,2.0,4.4,8.1,7.7
elephantis,,,,,0,0.0,,0,0,,0.0,0.0,0.0,0.0,0.0,0.0,0.0,0.0,0.0,0.0
inkmobility,,,,,0,0.0,,0,0,,0.0,0.0,0.0,0.0,0.0,0.0,0.0,0.0,0.0,0.0
birdbox,,,,,0,0.0,,0,0,,0.0,0.0,0.0,0.0,0.0,0.0,0.0,0.0,0.0,0.0
babylist,,,,19.2,2,18.4,0.6852551984877127,0,0,,14.8,3.6,0.0,0.0,0.0,0.0,0.0,0.0,0.0,0.0
dinamundo,,,,,0,0.0,,0,0,,0.0,0.0,0.0,0.0,0.0,0.0,0.0,0.0,0.0,0.0
tipsolutions,,,,,0,0.0,,0,0,,0.0,0.0,0.0,0.0,0.0,0.0,0.0,0.0,0.0,0.0
agsquared,,,,1.0,10,124.6,0.562619644499638,0,0,,4.0,1.5,2.5,2.5,2.5,9.0,4.0,5.0,92.6,1.0
crowdhall,,,,,0,0.0,,0,0,,0.0,0.0,0.0,0.0,0.0,0.0,0.0,0.0,0.0,0.0
meldium,,,,3.2,7,134.4,0.3789427880527211,0,0,,5.0,10.0,4.2,2.2,33.5,74.5,5.0,0.0,0.0,0.0
storefront,,,,18.2,6,25.8,0.2210504176431705,0,0,,1.7,8.9,5.0,3.0,2.0,5.2,0.0,0.0,0.0,0.0
olset,,,,,0,0.0,,0,0,,0.0,0.0,0.0,0.0,0.0,0.0,0.0,0.0,0.0,0.0
fit3d,,,,4.3,8,39.0,0.40724523339907953,0,0,,1.0,24.1,4.0,1.0,3.0,1.9,2.0,2.0,0.0,0.0
picklify,,,,,0,0.0,,0,0,,0.0,0.0,0.0,0.0,0.0,0.0,0.0,0.0,0.0,0.0
senseplatform,,,,,0,0.0,,0,0,,0.0,0.0,0.0,0.0,0.0,0.0,0.0,0.0,0.0,0.0
tubularlabs,,,,10.7,8,130.4,0.20873833226692762,0,0,,35.2,20.4,18.5,4.4,38.1,6.6,1.2,6.0,0.0,0.0
svayananotechnologies,,,,,0,0.0,,0,0,,0.0,0.0,0.0,0.0,0.0,0.0,0.0,0.0,0.0,0.0
quikkly,,quikklytags,,,0,0.0,,0,0,,0.0,0.0,0.0,0.0,0.0,0.0,0.0,0.0,0.0,0.0
sefaira,,,,11.9,10,116.1,0.20800402990976474,0,0,,10.0,46.0,16.0,3.2,9.0,7.2,2.3,8.0,4.4,10.0
passportparking,,passportinc,,9.4,10,61.1,0.23218356320699882,0,0,,3.0,5.0,5.0,6.0,1.5,3.0,2.0,26.2,1.1,8.3
streamonce,,,,,0,0.0,,0,0,,0.0,0.0,0.0,0.0,0.0,0.0,0.0,0.0,0.0,0.0
mobilerealtyappscom,,,,,0,0.0,,0,0,,0.0,0.0,0.0,0.0,0.0,0.0,0.0,0.0,0.0,0.0
cleantie,,,,,0,0.0,,0,0,,0.0,0.0,0.0,0.0,0.0,0.0,0.0,0.0,0.0,0.0
urbanremedy,,,,25.0,6,374.5,0.5004806052039122,0,0,,10.0,25.2,64.3,3.0,17.0,255.0,0.0,0.0,0.0,0.0
procuredhealth,,,,13.5,10,1541.4,0.42498248547687306,0,0,,3.0,2.0,32.0,6.9,1.6,781.8,10.0,627.1,15.0,62.0
tradesy,,,,25.0,9,834.1,0.2716072367959303,0,0,,140.0,70.0,4.0,200.0,37.9,7.5,21.0,3.7,350.0,0.0
pathbrite,,,,3.3,10,85.9,0.21156663472836407,0,0,,10.8,3.9,10.0,5.9,2.3,4.8,7.8,1.6,4.4,34.4
aciworldwide,,,,1000.0,10,7713.5,0.7002664148893639,0,0,,20.0,701.5,2.0,17.6,13.2,6400.0,1.0,57.3,47.0,453.9
ocoos,,,,9.8,9,5422.6,0.3198257066985958,0,0,,750.8,50.0,2700.0,2.1,1100.0,76.0,558.1,135.6,50.0,0.0
measureful,,,,,0,0.0,,0,0,,0.0,0.0,0.0,0.0,0.0,0.0,0.0,0.0,0.0,0.0
zumper,,,,55.0,10,353.8,0.6246367868711855,0,0,,24.5,277.5,3.8,18.0,4.0,4.9,1.5,13.0,5.6,1.0
curalate,,,,3.9,10,43.2,0.12248156721536352,0,0,,3.0,7.0,5.5,8.4,3.0,2.0,5.0,4.4,2.0,2.9
alwaysprepped,,,,,0,0.0,,0,0,,0.0,0.0,0.0,0.0,0.0,0.0,0.0,0.0,0.0,0.0
tealet,,,,3.6,1,75.0,0.9125925062642037,0,0,,75.0,0.0,0.0,0.0,0.0,0.0,0.0,0.0,0.0,0.0
aviiq,,,,,0,0.0,,0,0,,0.0,0.0,0.0,0.0,0.0,0.0,0.0,0.0,0.0,0.0
variable,,,,,0,0.0,,0,0,,0.0,0.0,0.0,0.0,0.0,0.0,0.0,0.0,0.0,0.0
liquidcoolsolutions,,,,10.0,8,63.4,0.24077759754799033,0,0,,2.1,20.6,20.8,1.0,3.0,5.0,3.0,7.9,0.0,0.0
spreeify,,,,1.0,8,57.7,0.2535285301070198,0,0,,1.0,23.1,15.0,6.4,1.1,4.2,2.8,4.1,0.0,0.0
displair,,,,,0,0.0,,0,0,,0.0,0.0,0.0,0.0,0.0,0.0,0.0,0.0,0.0,0.0
handybook,,,,5.0,9,180.1,0.24486334786553587,0,0,,75.0,15.7,5.0,8.9,33.4,5.4,4.6,4.1,28.0,0.0
wakiebudist,,,,,0,0.0,,0,0,,0.0,0.0,0.0,0.0,0.0,0.0,0.0,0.0,0.0,0.0
newsup,,newsup1,,,0,0.0,,0,0,,0.0,0.0,0.0,0.0,0.0,0.0,0.0,0.0,0.0,0.0
appio,,,,1.0,1,1.0,0.5,0,0,,1.0,0.0,0.0,0.0,0.0,0.0,0.0,0.0,0.0,0.0
mobileroadie,,,,1.1,9,64.1,0.1782876307251978,0,0,,4.9,5.0,5.0,6.6,3.0,20.0,1.0,13.3,5.3,0.0
shotfarm,,,,,0,0.0,,0,0,,0.0,0.0,0.0,0.0,0.0,0.0,0.0,0.0,0.0,0.0
musicdealers,,,,8.5,10,434.9,0.5642759485520652,0,0,,2.0,5.0,3.0,3.5,321.0,1.1,2.4,33.4,47.5,16.0
rocketlistings,,,,,0,0.0,,0,0,,0.0,0.0,0.0,0.0,0.0,0.0,0.0,0.0,0.0,0.0
virool,,,,18.5,9,324.1,0.3435492357684599,0,0,,15.0,10.6,10.7,20.4,35.2,181.0,19.2,3.0,29.0,0.0
thedailyhundred,,dailyhundred,,,0,0.0,,0,0,,0.0,0.0,0.0,0.0,0.0,0.0,0.0,0.0,0.0,0.0
fancred,,,,3.0,7,62508.0,0.8018759927519191,0,0,,3000.0,4.0,2.0,55800.0,3200.0,2.0,500.0,0.0,0.0,0.0
swingbyswing,,,,8.0,9,7981.0,0.9798278347486759,0,0,,24.7,3.5,1.5,1.0,12.0,24.5,8.0,7900.0,5.8,0.0
muzzley,,,,3.8,8,1338.6,0.41659684497244404,0,0,,5.0,8.8,493.1,6.5,8.0,6.5,110.0,700.7,0.0,0.0
verbalizeit,,,,1.7,9,63.7,0.218678607779303,0,0,,1.4,25.0,8.9,9.1,3.8,7.1,2.1,5.3,1.0,0.0
stackify,,,,1.0,10,766.7,0.3868755242703366,0,0,,143.3,9.8,445.6,28.0,72.4,45.0,11.3,1.9,4.5,4.9
realscout,,,,5.0,10,398.6,0.510125882132874,0,0,,55.0,24.5,277.5,4.0,3.6,3.8,18.0,4.0,4.9,3.3
tarponbiosystems,,,,,0,0.0,,0,0,,0.0,0.0,0.0,0.0,0.0,0.0,0.0,0.0,0.0,0.0
dropship,,,,12.3,10,170.1,0.4579251199539919,0,0,,112.8,1.0,11.5,15.0,5.0,6.3,7.3,2.5,6.0,2.7
twice,,liketwice,,,0,0.0,,0,0,,0.0,0.0,0.0,0.0,0.0,0.0,0.0,0.0,0.0,0.0
vhx,,,,3.6,10,995.7,0.7461047352465656,0,0,,5.0,4.0,1.2,2.0,857.1,31.4,2.5,35.6,52.5,4.4
jetaport,,,,2.4,6,114.8,0.34833493183115005,0,0,,5.0,42.4,10.0,1.0,51.4,5.0,0.0,0.0,0.0,0.0
klaviyo,,,,9.4,9,600.7,0.6780721032720025,0,0,,2.0,3.0,5.1,490.6,56.5,25.0,5.0,9.5,4.0,0.0
gleepost,,,,,0,0.0,,0,0,,0.0,0.0,0.0,0.0,0.0,0.0,0.0,0.0,0.0,0.0
manicube,,,,11.5,9,66.7,0.2310711211111086,0,0,,5.0,1.0,2.7,2.9,1.0,1.7,22.8,18.3,11.3,0.0
desktimeapp,,,,,0,0.0,,0,0,,0.0,0.0,0.0,0.0,0.0,0.0,0.0,0.0,0.0,0.0
feathr,,,,,0,0.0,,0,0,,0.0,0.0,0.0,0.0,0.0,0.0,0.0,0.0,0.0,0.0
ouya,,,,4.4,7,10775.8,0.8640415383714939,0,0,,10000.0,550.0,7.3,5.0,3.6,159.9,50.0,0.0,0.0,0.0
intelliwheels,,,,,0,0.0,,0,0,,0.0,0.0,0.0,0.0,0.0,0.0,0.0,0.0,0.0,0.0
cardiio,,,,2.0,10,57.7,0.1679907728074154,0,0,,1.0,4.8,4.0,4.5,16.4,3.0,8.0,2.6,12.2,1.2
lumesis,,,,,0,0.0,,0,0,,0.0,0.0,0.0,0.0,0.0,0.0,0.0,0.0,0.0,0.0
playphilocom,,,,,0,0.0,,0,0,,0.0,0.0,0.0,0.0,0.0,0.0,0.0,0.0,0.0,0.0
boomrat,,,,,0,0.0,,0,0,,0.0,0.0,0.0,0.0,0.0,0.0,0.0,0.0,0.0,0.0
flite,,,,3.8,10,327.3,0.46095660511164077,0,0,,15.0,11.2,9.8,35.0,7.5,5.0,9.3,6.6,217.7,10.2
orkiv,,,,,0,0.0,,0,0,,0.0,0.0,0.0,0.0,0.0,0.0,0.0,0.0,0.0,0.0
seen,,,,,0,0.0,,0,0,,0.0,0.0,0.0,0.0,0.0,0.0,0.0,0.0,0.0,0.0
pharmajet,,,,12.0,7,27.7,0.29583338763700817,0,0,,4.0,13.2,1.5,1.0,1.0,5.5,1.5,0.0,0.0,0.0
vine,,,,1.0,9,3759.8,0.7421545658938519,0,0,,5.0,1.0,3.0,3200.0,8.2,9.0,500.0,2.3,31.3,0.0
medisafeproject,,medisafe,,12.4,9,41.2,0.1737322085022151,0,0,,1.0,8.7,4.0,1.0,4.0,11.4,6.5,1.2,3.4,0.0
viralgains,,,,7.8,10,489.1,0.2856898669464997,0,0,,15.0,10.6,10.0,18.5,51.0,181.0,14.5,2.8,7.0,178.7
whengone,,,,,0,0.0,,0,0,,0.0,0.0,0.0,0.0,0.0,0.0,0.0,0.0,0.0,0.0
real5d,,,,,0,0.0,,0,0,,0.0,0.0,0.0,0.0,0.0,0.0,0.0,0.0,0.0,0.0
kinnek,,,,1.0,6,68.7,0.4065796694274412,0,0,,1.0,1.7,2.4,13.6,40.4,9.6,0.0,0.0,0.0,0.0
findit,,,,,0,0.0,,0,0,,0.0,0.0,0.0,0.0,0.0,0.0,0.0,0.0,0.0,0.0
bluebox,,,,2.0,8,83.9,0.20143311536379793,0,0,,28.9,8.3,7.9,16.7,11.6,4.4,3.1,3.0,0.0,0.0
qualtrics,,,,538.9,10,640.8,0.24467703642918262,0,0,,283.8,59.8,69.0,62.0,3.0,9.5,52.0,26.8,64.1,10.8
futurederm,,,,,0,0.0,,0,0,,0.0,0.0,0.0,0.0,0.0,0.0,0.0,0.0,0.0,0.0
speek,,,,1.0,8,2681.8,0.35092434630652053,0,0,,4.4,2.2,4.9,262.5,526.9,15.0,1400.0,465.9,0.0,0.0
jamplify,,,,,0,0.0,,0,0,,0.0,0.0,0.0,0.0,0.0,0.0,0.0,0.0,0.0,0.0
housetab,,myhousetab,,1.4,10,242.8,0.6728739934156424,0,0,,2.0,3.3,2.7,3.2,9.7,7.0,12.6,198.3,1.0,3.0
helpshift,,,,5.0,10,73.2,0.1583579682880946,0,0,,5.0,8.0,5.0,10.0,2.0,4.4,4.9,11.1,21.5,1.3
appsheet,,,,1.0,10,145.9,0.4617737462776245,0,0,,10.0,10.0,1.1,1.0,97.2,2.0,3.3,4.5,9.7,7.1
catercow,,,,2.7,10,1508.4,0.7488023666073366,0,0,,7.5,2.7,1.0,104.0,11.2,9.0,48.0,9.0,16.0,1300.0
plumanalytics,,,,4.1,10,2458.7,0.9529324832617896,0,0,,7.6,4.0,5.0,3.1,1.5,4.0,2400.0,20.0,1.5,12.0
salemove,,,,1.0,10,284.2,0.3091609669177676,0,0,,6.3,15.3,12.0,12.7,8.0,150.0,27.0,18.1,26.5,8.3
minewhat,,,,1.0,9,585.9,0.7112232473656035,0,0,,2.0,9.4,3.0,9.5,5.8,4.0,490.6,5.1,56.5,0.0
skygiraffe,,,,2.3,10,65.3,0.12688991086023044,0,0,,7.2,11.4,4.4,1.9,12.0,6.5,5.3,10.0,3.0,3.6
appurify,,,,4.4,10,720.3,0.43416699610850984,0,0,,1.0,70.3,6.2,10.0,4.9,3.3,445.6,143.3,3.5,32.2
exolabs,,,,1.0,6,12.8,0.2626953125,0,0,,1.0,4.8,1.0,1.0,4.0,1.0,0.0,0.0,0.0,0.0
retentionscience,,,,9.5,10,58.1,0.13796913742997563,0,0,,3.0,4.0,15.0,4.4,2.0,5.0,9.4,5.8,5.1,4.4
brewbit,,,,2.5,8,109.4,0.19200124327810994,0,0,,5.8,24.8,3.0,26.4,5.8,1.0,22.1,20.5,0.0,0.0
dwllr,,,,,0,0.0,,0,0,,0.0,0.0,0.0,0.0,0.0,0.0,0.0,0.0,0.0,0.0
mydrugcosts,,,,14.8,8,111.8,0.17207446212729735,0,0,,32.5,7.6,20.2,12.0,6.7,8.8,18.1,5.9,0.0,0.0
gnubio,,,,5.5,10,24591.8,0.9844824960698185,0,0,,5.0,5.0,9.5,84.0,5.0,3.7,24400.0,71.0,5.0,3.6
kahuna,,,,6.4,10,121.3,0.26449993169626385,0,0,,11.0,1.8,8.3,1.7,52.5,3.5,13.0,27.5,1.0,1.0
businessexchange,,,,,0,0.0,,0,0,,0.0,0.0,0.0,0.0,0.0,0.0,0.0,0.0,0.0,0.0
contrailsystems,,,,1.0,10,1329.8,0.6918199449024198,0,0,,16.3,12.3,9.6,55.6,7.0,6.5,15.8,10.0,96.7,1100.0
naturebox,,,,50.0,9,240.8,0.26987112449089967,0,0,,2.0,5.1,80.0,3.0,3.1,12.0,77.6,55.0,3.0,0.0
reviewtrackers,,,,2.0,10,557.8,0.34382885898231813,0,0,,3.7,2.3,20.8,29.5,8.5,283.8,50.0,5.0,150.0,4.2
parkenewyork,,,,,0,0.0,,0,0,,0.0,0.0,0.0,0.0,0.0,0.0,0.0,0.0,0.0,0.0
littleblackbag,,,,,0,0.0,,0,0,,0.0,0.0,0.0,0.0,0.0,0.0,0.0,0.0,0.0,0.0
itapp,,,,,0,0.0,,0,0,,0.0,0.0,0.0,0.0,0.0,0.0,0.0,0.0,0.0,0.0
yushino,,,,1.0,1,34.4,0.9450987902582272,0,0,,34.4,0.0,0.0,0.0,0.0,0.0,0.0,0.0,0.0,0.0
spindle,,,,1.0,10,153.5,0.16330316502031852,0,0,,20.0,4.1,8.5,10.0,12.0,20.0,49.2,10.0,9.7,10.0
opbandit,,,,1.0,10,191.4,0.17264854795932516,0,0,,5.0,38.0,45.7,39.6,1.5,9.6,26.1,4.7,20.0,1.2
hunome,,,,,0,0.0,,0,0,,0.0,0.0,0.0,0.0,0.0,0.0,0.0,0.0,0.0,0.0
clinicast,,,,25.2,6,76.9,0.2993518341588302,0,0,,16.6,10.0,1.0,1.2,13.2,34.9,0.0,0.0,0.0,0.0
messageme,,,,1.8,9,1872.6,0.8280129328472553,0,0,,5.0,7.4,24.1,112.5,2.0,1.0,9.4,1700.0,11.2,0.0
layervault,,,,1.0,10,263.4,0.30687020788255215,0,0,,3.6,4.4,14.0,18.8,6.0,23.0,5.0,6.0,50.0,132.6
virtualu,,,,1.9,9,74.1,0.24642448017687738,0,0,,1.0,1.0,17.5,1.0,3.0,5.7,27.7,2.0,15.2,0.0
nomiku,,,,1.0,10,741.3,0.8134386401480155,0,0,,2.4,5.0,5.0,3.9,667.6,30.1,1.0,17.0,3.0,6.3
gradientx,,,,,0,0.0,,0,0,,0.0,0.0,0.0,0.0,0.0,0.0,0.0,0.0,0.0,0.0
blendlabs,,,,4.0,9,246.1,0.5589216977865675,0,0,,2.0,20.0,31.4,180.0,1.4,2.0,7.3,1.0,1.0,0.0
smallknot,,,,,0,0.0,,0,0,,0.0,0.0,0.0,0.0,0.0,0.0,0.0,0.0,0.0,0.0
buildingconnected,,,,5.0,10,840.8,0.7957159134836922,0,0,,3.2,46.0,16.0,4.4,1.0,8.0,2.0,1.9,748.3,10.0
vertascale,,,,,0,0.0,,0,0,,0.0,0.0,0.0,0.0,0.0,0.0,0.0,0.0,0.0,0.0
myvr,,,,1.3,10,3378.4,0.7089100097909977,0,0,,12.1,4.0,12.0,6.6,27.5,500.0,7.5,2800.0,2.7,6.0
ethicalelectric,,,,,0,0.0,,0,0,,0.0,0.0,0.0,0.0,0.0,0.0,0.0,0.0,0.0,0.0
hansenmedical,,,,15.0,8,10191.1,0.6434627637514532,0,0,,40.0,10.0,24.1,72.0,5.0,2100.0,40.0,7900.0,0.0,0.0
quickcue,,,,,0,0.0,,0,0,,0.0,0.0,0.0,0.0,0.0,0.0,0.0,0.0,0.0,0.0
onejackson,,,,,0,0.0,,0,0,,0.0,0.0,0.0,0.0,0.0,0.0,0.0,0.0,0.0,0.0
cashsquare,,,,,0,0.0,,0,0,,0.0,0.0,0.0,0.0,0.0,0.0,0.0,0.0,0.0,0.0
pulseio,,,,1.0,10,495.9,0.8098458580363009,0,0,,3.3,4.4,5.0,3.2,21.9,5.0,4.5,1.0,445.6,2.0
friendsignia,,,,,0,0.0,,0,0,,0.0,0.0,0.0,0.0,0.0,0.0,0.0,0.0,0.0,0.0
archivesocial,,,,1.2,10,1948.4,0.402045742589522,0,0,,49.1,5.0,85.0,5.7,717.0,4.9,62.0,8.0,999.2,12.5
wedidit,,wedid,,,0,0.0,,0,0,,0.0,0.0,0.0,0.0,0.0,0.0,0.0,0.0,0.0,0.0
educlipper,,,,10.8,10,78.4,0.23677634319033736,0,0,,3.3,3.9,10.0,5.9,4.8,2.3,7.8,1.6,4.4,34.4
markerly,,,,1.0,10,65.3,0.16414522207551904,0,0,,3.0,9.1,5.5,3.0,18.1,3.0,2.0,5.1,14.0,2.5
invoiced,,,,,0,0.0,,0,0,,0.0,0.0,0.0,0.0,0.0,0.0,0.0,0.0,0.0,0.0
fetchtechnologies,,,,,0,0.0,,0,0,,0.0,0.0,0.0,0.0,0.0,0.0,0.0,0.0,0.0,0.0
boulderionics,,,,,0,0.0,,0,0,,0.0,0.0,0.0,0.0,0.0,0.0,0.0,0.0,0.0,0.0
carelinx,,,,1.0,8,232027.8,0.999760392787354,0,0,,1.5,2.2,5.0,1.0,15.0,1.1,2.0,232000.0,0.0,0.0
sociablenow,,,,,0,0.0,,0,0,,0.0,0.0,0.0,0.0,0.0,0.0,0.0,0.0,0.0,0.0
liveexercise,,,,1.0,1,38.2,0.9502811328613078,0,0,,38.2,0.0,0.0,0.0,0.0,0.0,0.0,0.0,0.0,0.0
nearpod,,,,5.6,9,289.0,0.31095844158954034,0,0,,4.0,8.9,28.0,5.0,29.9,140.0,67.5,3.5,2.2,0.0
classbadgescom,,,,,0,0.0,,0,0,,0.0,0.0,0.0,0.0,0.0,0.0,0.0,0.0,0.0,0.0
crowdstrike,,,,64.1,10,1496.4,0.34637546935241026,0,0,,60.0,24.0,213.7,96.0,50.0,5.9,815.7,220.4,8.0,2.7
unboundtechnologies,,playunbound,,,0,0.0,,0,0,,0.0,0.0,0.0,0.0,0.0,0.0,0.0,0.0,0.0,0.0
divshot,,,,4.4,7,107.2,0.28477946090443307,0,0,,3.0,1.1,45.5,7.3,30.8,10.0,9.5,0.0,0.0,0.0
locomobi,,,,8.0,9,36.8,0.13892663043478262,0,0,,6.0,3.0,8.3,5.0,3.0,5.0,1.5,3.0,2.0,0.0
citybot,,,,,0,0.0,,0,0,,0.0,0.0,0.0,0.0,0.0,0.0,0.0,0.0,0.0,0.0
whimseybox,,,,,0,0.0,,0,0,,0.0,0.0,0.0,0.0,0.0,0.0,0.0,0.0,0.0,0.0
tailorednation,,,,,0,0.0,,0,0,,0.0,0.0,0.0,0.0,0.0,0.0,0.0,0.0,0.0,0.0
premise,,,,3.0,10,1512.5,0.6399124212826993,0,0,,92.5,113.2,5.5,31.3,13.0,34.0,1200.0,7.1,5.0,10.9
modulus,,,,1.0,9,225.1,0.2964595823051939,0,0,,3.1,1.0,2.4,65.9,5.0,97.9,18.9,25.9,5.0,0.0
opengov,,,,3.0,10,1028.1,0.8294186449003976,0,0,,6.0,2.0,4.4,5.1,37.1,4.5,16.0,935.3,7.1,10.6
bzzhive,,,,,0,0.0,,0,0,,0.0,0.0,0.0,0.0,0.0,0.0,0.0,0.0,0.0,0.0
likehack,,,,,0,0.0,,0,0,,0.0,0.0,0.0,0.0,0.0,0.0,0.0,0.0,0.0,0.0
thinkbiganalytics,,,,10.0,10,1565.2,0.21625029087482806,0,0,,99.4,434.7,42.7,3.2,8.5,63.2,365.7,102.0,424.8,21.0
toodalu,,,,,0,0.0,,0,0,,0.0,0.0,0.0,0.0,0.0,0.0,0.0,0.0,0.0,0.0
ministryofsupply,,,,6.0,7,423.5,0.3136596836671968,0,0,,5.0,87.0,12.0,21.4,97.3,4.4,196.4,0.0,0.0,0.0
chartiq,,,,4.0,9,40.8,0.14167627835447905,0,0,,5.0,6.0,5.0,1.0,2.8,3.0,8.0,8.0,2.0,0.0
zignallabs,,,,6.0,10,1382.2,0.3249146637129608,0,0,,212.5,89.6,11.2,730.4,15.3,50.0,22.2,11.0,90.0,150.0
appmesh,,appme,,1.8,10,109.6,0.2525757232670893,0,0,,2.0,5.8,50.0,4.0,13.5,12.0,7.5,9.0,3.0,2.8
nitrousio,,,,,0,0.0,,0,0,,0.0,0.0,0.0,0.0,0.0,0.0,0.0,0.0,0.0,0.0
labdoor,,,,7.5,9,52.9,0.3636529314860939,0,0,,1.0,5.5,1.0,1.0,1.8,10.0,29.6,2.0,1.0,0.0
curioos,,,,6.4,10,239.7,0.7018370028312055,0,0,,2.3,1.8,6.7,2.2,3.7,15.1,1.0,3.3,200.0,3.6
apcera,,,,5.0,10,5184.1,0.7946619709699226,0,0,,7.0,4600.0,65.9,3.2,54.5,5.0,2.2,434.7,9.1,2.5
ensighten,,,,22.1,10,293.7,0.19812208924006103,0,0,,44.4,88.1,4.4,26.1,2.6,69.4,40.0,15.0,2.7,1.0
busyevent,,,,,0,0.0,,0,0,,0.0,0.0,0.0,0.0,0.0,0.0,0.0,0.0,0.0,0.0
metaresolver,,,,,0,0.0,,0,0,,0.0,0.0,0.0,0.0,0.0,0.0,0.0,0.0,0.0,0.0
socraticlabs,,,,,0,0.0,,0,0,,0.0,0.0,0.0,0.0,0.0,0.0,0.0,0.0,0.0,0.0
pinstantkarma,,,,,0,0.0,,0,0,,0.0,0.0,0.0,0.0,0.0,0.0,0.0,0.0,0.0,0.0
buggl,,,,,0,0.0,,0,0,,0.0,0.0,0.0,0.0,0.0,0.0,0.0,0.0,0.0,0.0
kermdingerstudios,,,,,0,0.0,,0,0,,0.0,0.0,0.0,0.0,0.0,0.0,0.0,0.0,0.0,0.0
purefixcycles,,,,6.7,9,4754.1,0.3141989327373218,0,0,,5.0,9.5,3.4,1700.0,490.0,600.0,17.5,28.7,1900.0,0.0
smashsolar,,,,10.0,9,104.6,0.18116177809299927,0,0,,5.7,4.4,7.0,10.4,11.3,32.3,23.3,3.2,7.0,0.0
whisper,,,,1.0,4,23.1,0.3658664567755477,0,0,,12.1,5.6,3.9,1.5,0.0,0.0,0.0,0.0,0.0,0.0
plangrid,,,,16.0,10,205.4,0.41710098044142147,0,0,,46.0,3.2,10.0,123.5,2.3,5.0,4.4,1.0,8.0,2.0
boomtrain,,,,4.0,9,1057.7,0.840445225135743,0,0,,3.0,1.0,10.0,12.0,8.0,37.0,8.0,10.0,968.7,0.0
lagotek,,,,,0,0.0,,0,0,,0.0,0.0,0.0,0.0,0.0,0.0,0.0,0.0,0.0,0.0
duettoresearch,,,,3.5,10,3334.3,0.8654411658402104,0,0,,85.0,18.9,9.5,37.5,24.9,3100.0,8.5,1.8,6.0,42.2
cropup,,,,,0,0.0,,0,0,,0.0,0.0,0.0,0.0,0.0,0.0,0.0,0.0,0.0,0.0
smartasset,,,,20.0,10,559.2,0.7349258392839966,0,0,,9.0,7.0,1.0,1.0,6.0,43.0,477.2,3.8,6.2,5.0
trendabl,,,,1.0,9,554.1,0.8164504917339304,0,0,,3.0,1.5,17.8,3.7,15.0,2.1,10.0,1.0,500.0,0.0
marketron,,,,10.3,10,777.0,0.29800065923618047,0,0,,215.0,47.5,128.6,9.2,338.2,14.5,2.1,4.2,13.3,4.4
triplay,,,,4.4,10,182.4,0.23964284683748846,0,0,,5.0,6.0,80.0,8.0,15.0,22.5,16.5,20.0,5.0,4.4
zumigo,,,,15.6,10,788.3,0.7911872977897335,0,0,,3.8,2.0,4.2,16.0,1.9,33.1,12.1,6.2,700.0,9.0
artifyit,,,,,0,0.0,,0,0,,0.0,0.0,0.0,0.0,0.0,0.0,0.0,0.0,0.0,0.0
sumall,,,,2.7,9,69.9,0.20201145720127467,0,0,,11.3,1.0,5.8,3.0,5.1,1.2,6.5,25.0,11.0,0.0
gryphn,,,,,0,0.0,,0,0,,0.0,0.0,0.0,0.0,0.0,0.0,0.0,0.0,0.0,0.0
founderdating,,,,1.5,9,57.3,0.20753877969963055,0,0,,1.8,20.0,4.7,13.3,1.7,4.0,6.1,1.0,4.7,0.0
coffeemeetsbagel,,,,3.0,9,376.3,0.4722136437778391,0,0,,30.0,250.0,5.0,50.0,30.0,3.2,5.1,2.0,1.0,0.0
conceptio,,,,1.0,10,273.1,0.24328629306090171,0,0,,32.9,21.5,34.6,4.6,116.8,4.3,13.5,1.0,5.0,38.9
fabkids,,,,3.0,7,40.2,0.15951337838172322,0,0,,3.7,4.4,4.9,10.0,4.6,6.0,6.6,0.0,0.0,0.0
kochindustries,,kochind,,115000.0,10,1474300.0,0.16947933664362846,0,0,,114700.0,279300.0,166300.0,38700.0,6600.0,295500.0,371600.0,135900.0,64300.0,1400.0
neulantis,,,,,0,0.0,,0,0,,0.0,0.0,0.0,0.0,0.0,0.0,0.0,0.0,0.0,0.0
swipesense,,,,5.0,10,229.9,0.24628386758166504,0,0,,43.9,100.0,9.5,10.0,3.2,17.5,8.3,8.0,12.0,17.5
boomset,,,,1.0,6,295.2,0.6026760140568885,0,0,,4.8,23.1,12.8,17.0,226.7,10.8,0.0,0.0,0.0,0.0
tray,,,,1.0,9,169.4,0.38450521250778846,0,0,,15.0,24.0,6.0,11.0,2.3,2.0,1.0,100.0,8.1,0.0
sharepractice,,,,1.9,10,67.7,0.1565054796881716,0,0,,3.0,3.9,4.9,10.4,12.0,13.3,1.0,2.0,15.2,2.0
mattermark,,,,1.6,10,2048.9,0.775857958502014,0,0,,6.0,46.0,3.2,87.3,9.0,1800.0,4.0,4.0,84.4,5.0
slidepay,,,,,0,0.0,,0,0,,0.0,0.0,0.0,0.0,0.0,0.0,0.0,0.0,0.0,0.0
launchsalesandmarketing,,,,,0,0.0,,0,0,,0.0,0.0,0.0,0.0,0.0,0.0,0.0,0.0,0.0,0.0
superevilmegacorp,,,,9.4,10,93.2,0.19966291513934684,0,0,,5.0,3.5,4.5,10.0,10.8,9.5,36.0,4.2,7.0,2.7
socialcrunch,,,,,0,0.0,,0,0,,0.0,0.0,0.0,0.0,0.0,0.0,0.0,0.0,0.0,0.0
bettrlife,,,,1.0,9,2559.0,0.49466939584920533,0,0,,8.0,8.0,5.9,10.2,12.2,994.3,16.4,4.0,1500.0,0.0
submishmash,,,,,0,0.0,,0,0,,0.0,0.0,0.0,0.0,0.0,0.0,0.0,0.0,0.0,0.0
tackk,,,,24.6,1,1.0,0.9249267578125,0,0,,1.0,0.0,0.0,0.0,0.0,0.0,0.0,0.0,0.0,0.0
chubbiesshorts,,,,5.0,7,15071.3,0.6686603908085262,0,0,,5.0,196.4,12000.0,6.5,3.4,60.0,2800.0,0.0,0.0,0.0
wedgies,,,,8.2,10,48.3,0.3083771630895584,0,0,,2.6,5.4,5.0,1.0,1.0,25.2,2.4,1.0,1.0,3.7
121nexus,,,,,0,0.0,,0,0,,0.0,0.0,0.0,0.0,0.0,0.0,0.0,0.0,0.0,0.0
socialtables,,,,10.1,10,213.7,0.4129385567783262,0,0,,4.0,22.8,7.0,15.0,3.3,1.9,14.1,9.0,3.4,133.2
sproutel,,,,10.3,4,14.0,0.3073469387755102,0,0,,2.2,2.0,3.6,6.2,0.0,0.0,0.0,0.0,0.0,0.0
generalthings,,,,,0,0.0,,0,0,,0.0,0.0,0.0,0.0,0.0,0.0,0.0,0.0,0.0,0.0
revolverobotics,,,,,0,0.0,,0,0,,0.0,0.0,0.0,0.0,0.0,0.0,0.0,0.0,0.0,0.0
morphcard,,,,,0,0.0,,0,0,,0.0,0.0,0.0,0.0,0.0,0.0,0.0,0.0,0.0,0.0
highlight,,highlig,,1.9,9,1833.7,0.9636378613512674,0,0,,6.2,1.7,2.2,6.0,1.8,3.6,3.2,9.0,1800.0,0.0
tresensa,,,,3.5,7,64.1,0.23145144214504929,0,0,,1.0,11.7,7.4,15.7,3.5,2.6,22.2,0.0,0.0,0.0
sonalight,,,,,0,0.0,,0,0,,0.0,0.0,0.0,0.0,0.0,0.0,0.0,0.0,0.0,0.0
kraftgroup,,thekraftgroup,,,0,0.0,,0,0,,0.0,0.0,0.0,0.0,0.0,0.0,0.0,0.0,0.0,0.0
traitperception,,traity,,2.1,9,142.4,0.1939612659386441,0,0,,8.9,10.0,28.1,21.2,2.8,21.6,1.0,3.8,45.0,0.0
monogram,,,,,0,0.0,,0,0,,0.0,0.0,0.0,0.0,0.0,0.0,0.0,0.0,0.0,0.0
disruptorbeam,,,,72.0,10,8378.6,0.7427757271521218,0,0,,220.0,95.3,18.5,36.0,135.0,450.0,81.6,130.0,7200.0,12.2
acrinta,,,,,0,0.0,,0,0,,0.0,0.0,0.0,0.0,0.0,0.0,0.0,0.0,0.0,0.0
tokyootakumode,,otakumode,,2.0,10,2595.9,0.47805082211437266,0,0,,5.0,5.0,3.0,390.0,1.0,15.3,420.5,1700.0,46.1,10.0
artillery,,,,1.0,6,40.6,0.2569220315950399,0,0,,3.0,10.0,3.5,15.7,1.0,7.4,0.0,0.0,0.0,0.0
perceptualnetworks,,perceptualnet,,,0,0.0,,0,0,,0.0,0.0,0.0,0.0,0.0,0.0,0.0,0.0,0.0,0.0
wedgebuster,,,,,0,0.0,,0,0,,0.0,0.0,0.0,0.0,0.0,0.0,0.0,0.0,0.0,0.0
pathto,,,,,0,0.0,,0,0,,0.0,0.0,0.0,0.0,0.0,0.0,0.0,0.0,0.0,0.0
linkme,,,,,0,0.0,,0,0,,0.0,0.0,0.0,0.0,0.0,0.0,0.0,0.0,0.0,0.0
launchtrack,,,,,0,0.0,,0,0,,0.0,0.0,0.0,0.0,0.0,0.0,0.0,0.0,0.0,0.0
letswombat,,,,,0,0.0,,0,0,,0.0,0.0,0.0,0.0,0.0,0.0,0.0,0.0,0.0,0.0
sqrrl,,,,7.0,10,423.1,0.36712186296896643,0,0,,30.0,6.0,53.0,4.0,5.0,8.0,20.0,42.0,11.0,244.1
publikdemand,,,,,0,0.0,,0,0,,0.0,0.0,0.0,0.0,0.0,0.0,0.0,0.0,0.0,0.0
streetowl,,,,,0,0.0,,0,0,,0.0,0.0,0.0,0.0,0.0,0.0,0.0,0.0,0.0,0.0
nbdnanotechnologies,,nbdnano,,4.0,9,64615.2,0.24898871383265306,0,0,,5.0,9.5,8.0,11400.0,15000.0,8700.0,5300.0,24100.0,92.7,0.0
screenleap,,,,2.0,10,3130.7,0.919183627162245,0,0,,1.0,1.1,2.6,1.0,7.0,94.1,4.5,4.4,15.0,3000.0
seambliss,,,,,0,0.0,,0,0,,0.0,0.0,0.0,0.0,0.0,0.0,0.0,0.0,0.0,0.0
credii,,,,4.0,10,20074.5,0.2272255367796528,0,0,,349.4,71.5,4000.0,3800.0,34.0,1200.0,4.0,6600.0,15.6,4000.0
tendertree,,,,,0,0.0,,0,0,,0.0,0.0,0.0,0.0,0.0,0.0,0.0,0.0,0.0,0.0
avos,,,,12.6,8,366.8,0.595987996037527,0,0,,8.0,6.5,10.0,45.0,5.3,5.9,7.1,279.0,0.0,0.0
lodosoftware,,,,,0,0.0,,0,0,,0.0,0.0,0.0,0.0,0.0,0.0,0.0,0.0,0.0,0.0
blinqmedia,,,,1.0,9,400.5,0.6019877774504716,0,0,,4.4,1.9,4.5,13.0,6.6,5.0,306.1,9.0,50.0,0.0
swiftype,,,,4.5,10,135.7,0.18084617059717648,0,0,,33.8,4.9,6.3,4.4,18.0,38.8,1.0,8.0,10.5,10.0
lendup,,,,6.1,10,25125.5,0.7305826978256126,0,0,,3.5,4.2,3.4,1.5,2.7,3.0,4000.0,1.0,6.2,21100.0
121cast,,,,,0,0.0,,0,0,,0.0,0.0,0.0,0.0,0.0,0.0,0.0,0.0,0.0,0.0
99dresses,,,,,0,0.0,,0,0,,0.0,0.0,0.0,0.0,0.0,0.0,0.0,0.0,0.0,0.0
staxxon,,,,23.9,3,61.7,0.4055042304873532,0,0,,13.7,13.9,34.1,0.0,0.0,0.0,0.0,0.0,0.0,0.0
mdot,,mo-dot,,39.9,10,209.3,0.14311052996941778,0,0,,15.5,4.4,33.6,7.1,38.4,37.3,36.5,19.6,1.2,15.7
shoptiques,,,,3.0,8,115.3,0.26415572634155476,0,0,,5.1,3.8,4.9,5.0,20.0,50.0,22.5,4.0,0.0,0.0
haulerdeals,,,,,0,0.0,,0,0,,0.0,0.0,0.0,0.0,0.0,0.0,0.0,0.0,0.0,0.0
cardcom,,,,,0,0.0,,0,0,,0.0,0.0,0.0,0.0,0.0,0.0,0.0,0.0,0.0,0.0
icracked,,,,8.0,10,13626.0,0.9961880225311567,0,0,,4.0,1.2,5.0,2.5,1.0,13600.0,1.7,1.0,7.5,2.1
symcat,,,,1.0,9,473.8,0.7805101279168577,0,0,,12.0,15.0,12.0,3.6,4.4,3.0,3.9,417.9,2.0,0.0
bestowed,,,,2.0,10,1212.0,0.37704489755906284,0,0,,15.4,3.2,4.6,10.0,52.6,200.0,255.0,667.6,1.0,2.6
emergentone,,,,,0,0.0,,0,0,,0.0,0.0,0.0,0.0,0.0,0.0,0.0,0.0,0.0,0.0
appsembler,,,,6.1,8,454.9,0.4647748816156416,0,0,,2.2,60.0,4.0,40.0,26.7,300.0,12.0,10.0,0.0,0.0
thumbarcade,,,,,0,0.0,,0,0,,0.0,0.0,0.0,0.0,0.0,0.0,0.0,0.0,0.0,0.0
watchup,,,,3.5,8,366.8,0.595987996037527,0,0,,6.5,5.3,8.0,45.0,10.0,5.9,7.1,279.0,0.0,0.0
stylesaint,,,,1.0,5,32.4,0.4584095412284713,0,0,,1.0,5.3,20.8,4.3,1.0,0.0,0.0,0.0,0.0,0.0
cloudsnap,,,,,0,0.0,,0,0,,0.0,0.0,0.0,0.0,0.0,0.0,0.0,0.0,0.0,0.0
expertfile,,,,4.9,4,80.5,0.44486709617684506,0,0,,48.3,4.6,22.4,5.2,0.0,0.0,0.0,0.0,0.0,0.0
quadroi,,,,,0,0.0,,0,0,,0.0,0.0,0.0,0.0,0.0,0.0,0.0,0.0,0.0,0.0
zapier,,,,6.0,9,41.6,0.14884199334319526,0,0,,8.1,4.1,8.0,3.0,5.4,2.0,8.0,1.0,2.0,0.0
sketchfab,,,,3.0,10,102.2,0.2273084125750131,0,0,,3.0,32.0,3.0,4.4,12.8,1.0,3.0,33.0,5.0,5.0
familyleaf,,,,15.3,8,48.3,0.3049736592809777,0,0,,8.2,24.1,1.0,1.1,5.0,1.4,2.0,5.5,0.0,0.0
hazelcast,,,,4.6,10,663.8,0.4464225848763422,0,0,,5.0,12.4,4.0,70.0,424.8,10.1,102.0,4.0,24.1,7.4
viflux,,,,,0,0.0,,0,0,,0.0,0.0,0.0,0.0,0.0,0.0,0.0,0.0,0.0,0.0
ringcaptcha,,,,,0,0.0,,0,0,,0.0,0.0,0.0,0.0,0.0,0.0,0.0,0.0,0.0,0.0
formafina,,,,,0,0.0,,0,0,,0.0,0.0,0.0,0.0,0.0,0.0,0.0,0.0,0.0,0.0
gastonlabs,,,,,0,0.0,,0,0,,0.0,0.0,0.0,0.0,0.0,0.0,0.0,0.0,0.0,0.0
wallabyfinancial,,,,5.1,9,27.7,0.18917228166664493,0,0,,1.0,1.5,2.9,1.0,2.0,1.0,5.0,9.3,4.0,0.0
tigerpistol,,,,4.2,10,272.2,0.6229878622549764,0,0,,213.0,5.0,5.4,20.8,16.6,2.5,1.5,2.2,3.2,2.0
urbanherosports,,,,,0,0.0,,0,0,,0.0,0.0,0.0,0.0,0.0,0.0,0.0,0.0,0.0,0.0
smartfield,,,,,0,0.0,,0,0,,0.0,0.0,0.0,0.0,0.0,0.0,0.0,0.0,0.0,0.0
flomio,,,,,0,0.0,,0,0,,0.0,0.0,0.0,0.0,0.0,0.0,0.0,0.0,0.0,0.0
impulsesave,,,,,0,0.0,,0,0,,0.0,0.0,0.0,0.0,0.0,0.0,0.0,0.0,0.0,0.0
paydragon,,,,,0,0.0,,0,0,,0.0,0.0,0.0,0.0,0.0,0.0,0.0,0.0,0.0,0.0
simplivity,,,,57.4,8,9859.8,0.8737000265168401,0,0,,57.8,541.1,7.0,9200.0,1.0,9.0,15.0,28.9,0.0,0.0
healthloop,,,,1.3,10,1318.1,0.7043535495225501,0,0,,10.3,15.7,3.0,1100.0,4.0,23.7,4.4,100.0,52.5,4.5
maplefarmmedia,,,,,0,0.0,,0,0,,0.0,0.0,0.0,0.0,0.0,0.0,0.0,0.0,0.0,0.0
contextrelevant,,,,8.1,10,2329.9,0.2815059531321446,0,0,,60.0,64.1,25.0,24.0,4.3,702.0,32.1,2.7,600.0,815.7
supportlocal,,,,,0,0.0,,0,0,,0.0,0.0,0.0,0.0,0.0,0.0,0.0,0.0,0.0,0.0
babberly,,,,,0,0.0,,0,0,,0.0,0.0,0.0,0.0,0.0,0.0,0.0,0.0,0.0,0.0
anyperk,,,,4.2,9,93.0,0.3701167765059544,0,0,,1.0,1.5,5.0,1.0,5.0,2.6,18.4,52.6,5.9,0.0
parentmediagroup,,parentmediainc,,,0,0.0,,0,0,,0.0,0.0,0.0,0.0,0.0,0.0,0.0,0.0,0.0,0.0
ubooly,,,,,0,0.0,,0,0,,0.0,0.0,0.0,0.0,0.0,0.0,0.0,0.0,0.0,0.0
prodeasystems,,,,15.0,10,116.8,0.20403100957027584,0,0,,3.5,17.0,2.0,1.5,32.0,12.0,6.3,1.0,35.0,6.5
fantree,,thefantree,,,0,0.0,,0,0,,0.0,0.0,0.0,0.0,0.0,0.0,0.0,0.0,0.0,0.0
servicem8,,,,2.0,10,318.6,0.23994591056525152,0,0,,1.0,34.4,5.8,3.2,126.2,10.0,72.5,26.4,5.7,33.4
transcriptic,,,,4.9,10,415.2,0.29025603650862597,0,0,,2.5,12.0,9.9,141.6,160.6,2.0,60.6,14.0,5.0,7.0
yashi,,,,4.4,6,465.3,0.47362463221826434,0,0,,102.5,43.1,300.0,12.2,3.1,4.4,0.0,0.0,0.0,0.0
kaufmannmercantile,,kaufmann-mercantile,,10.5,9,754.3,0.6473743563549539,0,0,,14.4,86.2,8.9,12.1,1.5,600.0,3.7,7.5,20.0,0.0
dojo,,dojoapp,,1.0,8,7288.9,0.9757934639003002,0,0,,25.0,4.4,34.0,5.1,8.9,10.5,1.0,7200.0,0.0,0.0
wefunder,,,,3.0,10,123.3,0.46695661153899026,0,0,,3.9,4.1,4.9,5.0,4.2,2.0,7.0,4.1,83.1,5.0
serps,,,,,0,0.0,,0,0,,0.0,0.0,0.0,0.0,0.0,0.0,0.0,0.0,0.0,0.0
userfox,,,,,0,0.0,,0,0,,0.0,0.0,0.0,0.0,0.0,0.0,0.0,0.0,0.0,0.0
ringadoc,,,,1.0,9,587.4,0.5270267607036381,0,0,,417.9,50.0,7.0,15.0,5.5,12.0,4.0,64.0,12.0,0.0
learnzillion,,,,2.0,7,15.5,0.18834547346514047,0,0,,3.0,2.0,1.0,1.0,1.0,3.0,4.5,0.0,0.0,0.0
lucentsky,,,,,0,0.0,,0,0,,0.0,0.0,0.0,0.0,0.0,0.0,0.0,0.0,0.0,0.0
qwips,,,,,0,0.0,,0,0,,0.0,0.0,0.0,0.0,0.0,0.0,0.0,0.0,0.0,0.0
acclaimd,,,,,0,0.0,,0,0,,0.0,0.0,0.0,0.0,0.0,0.0,0.0,0.0,0.0,0.0
dealcurrentnetwork,,,,5.8,9,85.8,0.212607516803321,0,0,,3.4,3.0,11.6,20.7,20.3,23.8,1.0,1.0,1.0,0.0
nutritionix,,,,5.0,10,36.0,0.11083333333333334,0,0,,2.1,3.6,4.0,3.0,5.0,5.0,5.0,1.3,3.3,3.7
tastemakerx,,,,,0,0.0,,0,0,,0.0,0.0,0.0,0.0,0.0,0.0,0.0,0.0,0.0,0.0
shopinterest,,,,,0,0.0,,0,0,,0.0,0.0,0.0,0.0,0.0,0.0,0.0,0.0,0.0,0.0
triplelift,,,,150.0,9,322.9,0.4430951079088253,0,0,,15.0,14.5,5.0,4.8,3.0,29.0,207.6,42.0,2.0,0.0
shophers,,shop-hers,,1.0,8,73.4,0.32478153375554053,0,0,,37.9,5.0,1.0,4.6,3.9,1.0,5.0,15.0,0.0,0.0
paytopia,,,,,0,0.0,,0,0,,0.0,0.0,0.0,0.0,0.0,0.0,0.0,0.0,0.0,0.0
accudialpharmaceutical,,accuratedose,,,0,0.0,,0,0,,0.0,0.0,0.0,0.0,0.0,0.0,0.0,0.0,0.0,0.0
stearclear,,,,,0,0.0,,0,0,,0.0,0.0,0.0,0.0,0.0,0.0,0.0,0.0,0.0,0.0
adfreeq,,,,,0,0.0,,0,0,,0.0,0.0,0.0,0.0,0.0,0.0,0.0,0.0,0.0,0.0
stopthehacker,,,,5.4,10,1202.3,0.4877628325686366,0,0,,58.3,23.3,12.5,96.0,815.7,161.2,13.1,14.3,4.3,3.6
mediapasscom,,,,,0,0.0,,0,0,,0.0,0.0,0.0,0.0,0.0,0.0,0.0,0.0,0.0,0.0
myenergyplatformcom,,,,,0,0.0,,0,0,,0.0,0.0,0.0,0.0,0.0,0.0,0.0,0.0,0.0,0.0
mykonossoftware,,,,16.3,3,25.3,0.8512709150275742,0,0,,1.0,1.0,23.3,0.0,0.0,0.0,0.0,0.0,0.0,0.0
knocking,,,,1.5,10,393.2,0.26417458958965695,0,0,,19.9,38.0,150.0,2.6,125.0,4.7,20.0,4.7,10.5,17.8
hackny,,,,,0,0.0,,0,0,,0.0,0.0,0.0,0.0,0.0,0.0,0.0,0.0,0.0,0.0
boombotix,,,,4.5,9,85.0,0.19077370242214534,0,0,,8.0,10.8,2.0,10.0,9.5,2.3,7.0,5.0,30.4,0.0
nyoombl,,,,14.0,7,35.0,0.2370122448979592,0,0,,5.6,5.2,8.8,1.1,1.0,1.0,12.3,0.0,0.0,0.0
airtime,,,,1.0,10,812750.1,0.24297064010988362,0,0,,14.3,136200.0,1700.0,118500.0,265600.0,630.8,1400.0,5.0,232900.0,55800.0
drawntoscale,,,,,0,0.0,,0,0,,0.0,0.0,0.0,0.0,0.0,0.0,0.0,0.0,0.0,0.0
virtrue,,,,,0,0.0,,0,0,,0.0,0.0,0.0,0.0,0.0,0.0,0.0,0.0,0.0,0.0
bizzy,,,,4.4,9,57.9,0.16627739447143994,0,0,,11.6,1.0,15.0,1.5,4.0,2.7,8.3,8.8,5.0,0.0
momtrusted,,,,,0,0.0,,0,0,,0.0,0.0,0.0,0.0,0.0,0.0,0.0,0.0,0.0,0.0
surfair,,,,10.0,10,179.7,0.1824189762880012,0,0,,5.0,11.0,32.8,40.8,3.0,3.5,3.8,4.4,30.4,45.0
greenhousesoftware,,greenhouse,,13.9,9,220.0,0.2281400826446281,0,0,,5.0,9.0,16.3,45.0,4.0,13.5,2.0,45.2,80.0,0.0
barkbox,,,,3.0,9,252.3,0.3175043268202847,0,0,,50.0,1.0,2.0,106.1,5.1,2.0,80.0,3.0,3.1,0.0
appycouple,,,,,0,0.0,,0,0,,0.0,0.0,0.0,0.0,0.0,0.0,0.0,0.0,0.0,0.0
hint,,drinkhint,,90.0,10,9998.5,0.32660173847300283,0,0,,70.2,1.5,400.0,350.0,350.0,5000.0,20.0,6.8,2000.0,1800.0
wanderable,,,,1.0,8,83.5,0.31690630714618667,0,0,,2.4,2.0,1.0,5.2,17.3,1.0,41.1,13.5,0.0,0.0
singletouchsystems,,,,,0,0.0,,0,0,,0.0,0.0,0.0,0.0,0.0,0.0,0.0,0.0,0.0,0.0
adhoclabs2,,,,,0,0.0,,0,0,,0.0,0.0,0.0,0.0,0.0,0.0,0.0,0.0,0.0,0.0
airpr,,,,5.0,10,1238.2,0.3902306616325338,0,0,,6.0,89.6,50.0,11.2,212.5,730.4,15.3,90.0,22.2,11.0
moviepilot,,,,1.0,10,90.7,0.17603011734044532,0,0,,5.8,8.1,6.0,1.0,10.0,6.0,1.0,22.6,4.9,25.3
doortodoororganics,,,,41.1,9,653.0,0.39211156424934746,0,0,,30.0,100.2,23.6,385.8,80.0,4.9,3.5,20.0,5.0,0.0
bufferbox,,,,,0,0.0,,0,0,,0.0,0.0,0.0,0.0,0.0,0.0,0.0,0.0,0.0,0.0
bigframe,,bigfra,,,0,0.0,,0,0,,0.0,0.0,0.0,0.0,0.0,0.0,0.0,0.0,0.0,0.0
bounceexchange,,,,5.0,10,362.3,0.29275264626760866,0,0,,35.0,6.4,2.0,17.8,6.6,8.8,18.0,180.0,35.2,52.5
trapit,,,,1.0,9,4579.6,0.9656401341960142,0,0,,43.0,4.0,5.0,2.6,9.0,11.0,1.0,4.0,4500.0,0.0
seismicgames,,,,5.0,7,21.9,0.22153416317424574,0,0,,7.0,5.0,1.8,1.0,1.0,5.1,1.0,0.0,0.0,0.0
startupsea,,,,,0,0.0,,0,0,,0.0,0.0,0.0,0.0,0.0,0.0,0.0,0.0,0.0,0.0
gyft,,,,25.0,8,6648.4,0.9273353329618854,0,0,,27.3,6.6,40.0,4.5,164.1,3.2,2.7,6400.0,0.0,0.0
myapps,,,,,0,0.0,,0,0,,0.0,0.0,0.0,0.0,0.0,0.0,0.0,0.0,0.0,0.0
commercesciences,,,,5.0,9,275.4,0.3325121866708436,0,0,,19.9,38.0,150.0,7.0,12.5,4.7,10.5,17.8,15.0,0.0
customerio,,,,,0,0.0,,0,0,,0.0,0.0,0.0,0.0,0.0,0.0,0.0,0.0,0.0,0.0
citygro,,,,1.7,10,123.4,0.3648306097628248,0,0,,4.0,2.0,9.7,5.5,2.0,5.0,1.7,20.0,70.5,3.0
petlist,,,,,0,0.0,,0,0,,0.0,0.0,0.0,0.0,0.0,0.0,0.0,0.0,0.0,0.0
betterdoctor,,,,4.0,10,1221.9,0.4538838390228642,0,0,,24.9,113.5,1.0,1.0,5.0,55.8,781.8,222.9,8.0,8.0
careviewcommunications,,care-view,,6.2,10,273.0,0.196244951629567,0,0,,43.9,100.0,9.5,17.5,10.0,12.0,6.5,19.8,36.3,17.5
phishme,,,,69.0,10,263.7,0.17567897351781459,0,0,,9.0,15.0,6.2,68.5,13.4,1.0,14.0,30.5,42.0,64.1
mosaicstoragesystems,,,,,0,0.0,,0,0,,0.0,0.0,0.0,0.0,0.0,0.0,0.0,0.0,0.0,0.0
wittlebee,,,,,0,0.0,,0,0,,0.0,0.0,0.0,0.0,0.0,0.0,0.0,0.0,0.0,0.0
gagasportsentertainment,,gaga-inc,,15.5,9,174.7,0.18648011850554833,0,0,,44.6,2.3,1.0,1.0,40.0,31.3,25.0,20.0,9.5,0.0
gridium,,,,4.2,10,395.9,0.7117102230165333,0,0,,5.4,4.6,332.7,1.4,5.7,5.0,5.0,26.0,5.3,4.8
thelevoleague,,,,,0,0.0,,0,0,,0.0,0.0,0.0,0.0,0.0,0.0,0.0,0.0,0.0,0.0
zyomyx,,,,,0,0.0,,0,0,,0.0,0.0,0.0,0.0,0.0,0.0,0.0,0.0,0.0,0.0
reqwip,,,,,0,0.0,,0,0,,0.0,0.0,0.0,0.0,0.0,0.0,0.0,0.0,0.0,0.0
12society,,,,1.0,6,11965.4,0.643725129622656,0,0,,750.0,1.0,3.0,11.4,1800.0,9400.0,0.0,0.0,0.0,0.0
telesigncorporation,,,,,0,0.0,,0,0,,0.0,0.0,0.0,0.0,0.0,0.0,0.0,0.0,0.0,0.0
sonicnotify,,,,37.1,10,494404.4,0.1508707541455878,0,0,,79600.0,40100.0,58500.0,40500.0,38800.0,4.4,26400.0,87200.0,118500.0,4800.0
khanacademy,,,,25.1,10,1037.6,0.3753375769598189,0,0,,180.0,1.4,140.0,67.5,28.0,11.7,3.0,588.5,16.5,1.0
sunglass,,,,1.0,3,122.6,0.4565743847949139,0,0,,6.0,54.5,62.1,0.0,0.0,0.0,0.0,0.0,0.0,0.0
centup,,,,1.0,5,10.5,0.21541950113378686,0,0,,2.0,2.5,2.5,2.5,1.0,0.0,0.0,0.0,0.0,0.0
buildzoom,,,,8.2,9,882.3,0.36698714446951597,0,0,,3.1,10.0,12.2,13.4,1.0,107.2,427.0,6.1,302.3,0.0
stylehaul,,,,6.5,10,122.3,0.40143702502258094,0,0,,3.0,5.0,1.0,3.6,1.0,7.9,75.0,4.8,14.0,7.0
edoome,,,,,0,0.0,,0,0,,0.0,0.0,0.0,0.0,0.0,0.0,0.0,0.0,0.0,0.0
sverve,,,,,0,0.0,,0,0,,0.0,0.0,0.0,0.0,0.0,0.0,0.0,0.0,0.0,0.0
cosmiccart,,,,1.6,9,321.3,0.31794378366209713,0,0,,1.6,1.7,3.0,52.2,2.5,6.3,10.0,131.2,112.8,0.0
readysolar,,readysolarandled,,,0,0.0,,0,0,,0.0,0.0,0.0,0.0,0.0,0.0,0.0,0.0,0.0,0.0
cask,,,,17.2,9,356.8,0.19932769988336785,0,0,,21.0,12.6,10.9,70.0,4.0,45.0,6.0,102.0,85.3,0.0
autobike,,evolvethebike,,,0,0.0,,0,0,,0.0,0.0,0.0,0.0,0.0,0.0,0.0,0.0,0.0,0.0
beyondtrust,,,,108.1,10,354036.8,0.6234738817330787,0,0,,30.5,74.5,314.6,50.1,15.0,87200.0,278.9,229.1,244.1,265600.0
referralbonus,,,,,0,0.0,,0,0,,0.0,0.0,0.0,0.0,0.0,0.0,0.0,0.0,0.0,0.0
launchgram,,,,,0,0.0,,0,0,,0.0,0.0,0.0,0.0,0.0,0.0,0.0,0.0,0.0,0.0
brit,,,,5.0,10,71419.3,0.9938707231314712,0,0,,20.0,76.0,20.0,77.0,12.0,4.9,1.0,71200.0,4.0,4.4
recoengine,,,,,0,0.0,,0,0,,0.0,0.0,0.0,0.0,0.0,0.0,0.0,0.0,0.0,0.0
selfspark,,,,,0,0.0,,0,0,,0.0,0.0,0.0,0.0,0.0,0.0,0.0,0.0,0.0,0.0
goodsie,,,,1.0,10,666.2,0.6136543704279577,0,0,,3.0,3.6,5.0,6.0,11.0,2.4,86.2,19.0,16.1,513.9
uberlabs,,gazemetrix,,1.0,9,35.5,0.15148581630628843,0,0,,3.0,2.0,3.9,1.7,1.0,5.5,7.0,8.4,3.0,0.0
cambriangenomics,,,,1.0,8,144.4,0.5762003053997438,0,0,,2.0,12.0,3.0,3.0,8.0,3.0,108.4,5.0,0.0,0.0
apisphere,,,,,0,0.0,,0,0,,0.0,0.0,0.0,0.0,0.0,0.0,0.0,0.0,0.0,0.0
bitium,,,,10.0,10,41005.7,0.5844179591957955,0,0,,33.5,74.5,66.3,11.0,220.4,30900.0,2200.0,1100.0,4000.0,2400.0
xlhybrids,,,,13.2,10,234.9,0.42674155882026193,0,0,,7.5,150.0,10.0,21.6,9.0,2.0,10.0,5.5,6.3,13.0
kuratur,,,,,0,0.0,,0,0,,0.0,0.0,0.0,0.0,0.0,0.0,0.0,0.0,0.0,0.0
curioushat,,,,,0,0.0,,0,0,,0.0,0.0,0.0,0.0,0.0,0.0,0.0,0.0,0.0,0.0
medallia,,,,283.8,10,1107.9,0.28679585056866336,0,0,,64.1,10.8,52.0,538.9,59.8,1.3,50.0,200.0,69.0,62.0
soshowise,,,,,0,0.0,,0,0,,0.0,0.0,0.0,0.0,0.0,0.0,0.0,0.0,0.0,0.0
accellion,,,,16.5,10,725.0,0.5075555005945304,0,0,,15.0,12.0,7.4,18.0,10.7,8.0,143.1,495.2,12.0,3.6
dyn,,,,30.0,10,10043.1,0.3132212046871762,0,0,,10.0,23.3,1200.0,771.4,2700.0,4700.0,358.3,213.0,55.9,11.2
trxsystems,,,,5.6,10,37.2,0.12765926696727944,0,0,,5.0,5.0,4.6,4.0,4.0,1.5,3.0,1.4,1.0,7.7
growthspark,,,,,0,0.0,,0,0,,0.0,0.0,0.0,0.0,0.0,0.0,0.0,0.0,0.0,0.0
daemoniclabs,,,,,0,0.0,,0,0,,0.0,0.0,0.0,0.0,0.0,0.0,0.0,0.0,0.0,0.0
narrable,,,,,0,0.0,,0,0,,0.0,0.0,0.0,0.0,0.0,0.0,0.0,0.0,0.0,0.0
prognosishealthinformationsystems,,,,,0,0.0,,0,0,,0.0,0.0,0.0,0.0,0.0,0.0,0.0,0.0,0.0,0.0
droisys,,,,21.9,9,151.8,0.2171491509006546,0,0,,9.6,5.5,50.0,15.7,5.5,43.5,2.4,12.5,7.1,0.0
socialgrowthtechnologies,,,,31.0,3,8.2,0.557703747769185,0,0,,1.0,1.3,5.9,0.0,0.0,0.0,0.0,0.0,0.0,0.0
innovationandchoice,,,,,0,0.0,,0,0,,0.0,0.0,0.0,0.0,0.0,0.0,0.0,0.0,0.0,0.0
nologymedia,,,,,0,0.0,,0,0,,0.0,0.0,0.0,0.0,0.0,0.0,0.0,0.0,0.0,0.0
replayful,,,,,0,0.0,,0,0,,0.0,0.0,0.0,0.0,0.0,0.0,0.0,0.0,0.0,0.0
plaid,,,,6.0,9,108.3,0.19705615791434655,0,0,,34.6,24.9,3.8,2.0,3.7,4.4,13.9,14.3,6.7,0.0
pietzo,,,,,0,0.0,,0,0,,0.0,0.0,0.0,0.0,0.0,0.0,0.0,0.0,0.0,0.0
neahpowersystems,,neahpower,,,0,0.0,,0,0,,0.0,0.0,0.0,0.0,0.0,0.0,0.0,0.0,0.0,0.0
pingmd,,,,7.9,10,980.9,0.20057735223137085,0,0,,26.0,12.3,179.6,131.1,30.0,173.0,106.1,2.6,317.2,3.0
grandbankscapital,,,,,0,0.0,,0,0,,0.0,0.0,0.0,0.0,0.0,0.0,0.0,0.0,0.0,0.0
nanoviricides,,,,4.6,10,274.8,0.5750531284893712,0,0,,5.0,10.9,205.8,3.0,1.0,1.5,25.0,5.5,16.1,1.0
semaconnect,,,,1.0,10,209.4,0.22250501501082368,0,0,,80.0,15.5,2.0,41.1,7.0,10.0,32.9,12.5,4.0,4.4
cumulusnetworks,,,,15.0,10,3833.8,0.4826220268037637,0,0,,36.0,20.0,16.3,12.2,10.0,1.0,1.2,2200.0,1500.0,37.1
3dcartshoppingcartsoftware,,hearttoheartgifts,,10.7,9,172.3,0.1396270929411206,0,0,,25.0,12.8,16.6,7.7,22.1,10.2,42.4,17.0,18.5,0.0
spansion,,,,1300.0,10,387738.8,0.4070988101823984,0,0,,5400.0,29900.0,456.0,595.0,36200.0,856.0,11500.0,232000.0,70800.0,31.8
propertyware,,,,73.3,10,980.9,0.4965553146762871,0,0,,190.1,36.5,10.7,37.5,5.0,662.0,15.7,3.4,15.0,5.0
fisherinvestments,,,,300.0,10,589.0,0.5625797804111022,0,0,,15.0,30.0,18.2,22.0,12.0,7.6,10.0,15.7,20.0,438.5
borderstylo,,,,,0,0.0,,0,0,,0.0,0.0,0.0,0.0,0.0,0.0,0.0,0.0,0.0,0.0
unmetric,,,,5.8,10,357.5,0.23857636070223484,0,0,,11.0,6.0,38.0,27.0,150.0,31.6,65.9,4.7,15.3,8.0
intellectualventures,,,,2000.0,10,171292.2,0.19106753769464857,0,0,,38800.0,8800.0,2300.0,40500.0,6700.0,26400.0,2000.0,892.2,40100.0,4800.0
automd,,,,8.5,9,40.8,0.13214869281045752,0,0,,5.8,2.2,2.0,5.2,4.4,3.3,5.0,8.9,4.0,0.0
endplay,,,,4.3,10,101.3,0.13456750301363615,0,0,,9.5,8.9,21.2,7.5,1.0,11.5,15.0,10.0,15.7,1.0
americanreadingcompany,,americanreading,,69.9,6,122.7,0.2868872004458234,0,0,,1.0,24.2,12.0,39.3,45.2,1.0,0.0,0.0,0.0,0.0
meteorentertainment,,meteor-ent,,6.2,2,20.0,0.5,0,0,,10.0,10.0,0.0,0.0,0.0,0.0,0.0,0.0,0.0,0.0
predilytics,,,,,0,0.0,,0,0,,0.0,0.0,0.0,0.0,0.0,0.0,0.0,0.0,0.0,0.0
toptal,,,,15.0,8,1280.9,0.5980258752334614,0,0,,256.5,1.0,5.0,5.4,13.6,10.0,956.0,33.4,0.0,0.0
worcesterpolytechnicinstitute,,,,,0,0.0,,0,0,,0.0,0.0,0.0,0.0,0.0,0.0,0.0,0.0,0.0,0.0
skytree,,,,8.0,10,153.7,0.24006114201464715,0,0,,15.0,4.9,1.0,37.0,21.5,1.0,6.7,59.3,3.0,4.3
circleup,,,,4.1,10,37.7,0.1131577651288618,0,0,,4.2,3.9,6.5,2.0,4.1,1.6,5.0,3.0,4.4,3.0
kippt,,,,1.0,10,624.5,0.6492351479261873,0,0,,10.0,11.5,8.0,10.0,26.6,6.0,45.0,500.0,1.5,5.9
consultadoctor,,,,19.2,10,301.0,0.24816988774958335,0,0,,1.0,1.0,16.7,100.0,100.0,40.0,20.0,2.5,9.1,10.7
antssoftware,,,,,0,0.0,,0,0,,0.0,0.0,0.0,0.0,0.0,0.0,0.0,0.0,0.0,0.0
cloudone,,,,12.0,10,6479.1,0.8587939468776978,0,0,,20.7,103.3,5.0,44.2,63.4,11.0,179.8,35.9,15.8,6000.0
plyfe,,,,1.0,10,598.5,0.3001294101307292,0,0,,11.2,25.0,3.0,1.0,5.0,58.9,193.7,35.0,12.0,253.7
thebaycitizen,,baycitizen,,3.8,10,13534.0,0.3610740938283299,0,0,,10.0,15.0,10.0,30.0,18.1,5800.0,1400.0,330.4,420.5,5500.0
davidcorporation,,avidcorp,,,0,0.0,,0,0,,0.0,0.0,0.0,0.0,0.0,0.0,0.0,0.0,0.0,0.0
naughtydog,,,,40.0,10,29299.5,0.17447108258582159,0,0,,7000.0,1900.0,5300.0,7200.0,135.0,621.7,2500.0,2300.0,42.8,2300.0
genesismedia,,,,7.1,9,137.8,0.19322402000332828,0,0,,18.5,10.0,7.0,51.0,5.0,15.0,10.6,10.7,10.0,0.0
anonymizer,,,,,0,0.0,,0,0,,0.0,0.0,0.0,0.0,0.0,0.0,0.0,0.0,0.0,0.0
anaplan,,,,248.1,10,1345.1,0.79751984034922,0,0,,12.0,30.1,12.9,30.0,20.0,8.5,10.0,7.2,1200.0,14.4
gnshealthcare,,,,15.0,10,566.0,0.3494824507735145,0,0,,2.1,8.5,4.5,10.0,20.0,120.4,90.0,6.0,6.7,297.8
veruta,,,,,0,0.0,,0,0,,0.0,0.0,0.0,0.0,0.0,0.0,0.0,0.0,0.0,0.0
thuuz,,,,5.8,10,69.9,0.1731289948239975,0,0,,20.0,4.7,2.0,8.5,2.0,15.7,1.0,7.8,5.0,3.2
hartventures,,,,,0,0.0,,0,0,,0.0,0.0,0.0,0.0,0.0,0.0,0.0,0.0,0.0,0.0
commuteradvertising,,commuterads,,,0,0.0,,0,0,,0.0,0.0,0.0,0.0,0.0,0.0,0.0,0.0,0.0,0.0
figure8surgical,,,,,0,0.0,,0,0,,0.0,0.0,0.0,0.0,0.0,0.0,0.0,0.0,0.0,0.0
monetsoftware,,,,12.5,10,442.3,0.3273725013263607,0,0,,5.0,1.0,43.2,15.0,14.2,22.0,41.8,237.3,56.0,6.8
transoniccombustion,,tscombustion,,1.0,10,169.6,0.22281825716447134,0,0,,10.0,5.0,13.6,6.0,16.0,4.3,55.1,4.2,3.2,52.2
polarispartners,,,,78.5,8,26215.4,0.4909676986015341,0,0,,7.4,300.0,10.0,12.0,11400.0,14400.0,10.0,76.0,0.0,0.0
edenparkillumination,,edenpark,,19.2,7,114.1,0.21915290260784204,0,0,,7.3,8.4,24.4,40.4,20.2,8.1,5.3,0.0,0.0,0.0
telenav,,,,106.2,9,4633.7,0.5468649476641677,0,0,,875.2,279.0,19.8,10.0,2.0,37.7,60.0,50.0,3300.0,0.0
thanx,,,,1.7,10,54.6,0.19830535764601698,0,0,,4.0,1.4,5.0,2.0,2.0,20.0,9.7,5.5,1.2,3.8
theapphouse,,,,,0,0.0,,0,0,,0.0,0.0,0.0,0.0,0.0,0.0,0.0,0.0,0.0,0.0
nextstepliving,,,,25.0,10,83.0,0.16638989693714618,0,0,,1.0,3.0,10.0,12.0,3.2,1.3,7.3,20.0,20.0,5.2
techranchaustin,,,,,0,0.0,,0,0,,0.0,0.0,0.0,0.0,0.0,0.0,0.0,0.0,0.0,0.0
polsense,,,,,0,0.0,,0,0,,0.0,0.0,0.0,0.0,0.0,0.0,0.0,0.0,0.0,0.0
spool,,,,,0,0.0,,0,0,,0.0,0.0,0.0,0.0,0.0,0.0,0.0,0.0,0.0,0.0
booktrack,,,,3.3,10,275.5,0.289440021607307,0,0,,5.8,16.0,29.0,8.0,9.3,61.7,9.0,4.9,129.5,2.3
giggle,,,,5.0,9,59.4,0.17636522350327064,0,0,,5.0,5.0,8.0,2.0,20.0,4.4,2.6,5.4,7.0,0.0
esosolutions,,,,14.1,10,1283.6,0.6248283351368138,0,0,,12.0,2.5,9.0,20.0,1000.0,15.0,20.1,10.0,30.0,165.0
pramata,,,,9.3,10,488.1,0.319671907858581,0,0,,224.2,24.5,15.7,8.0,13.1,25.0,16.0,154.6,2.0,5.0
gazillionentertainment,,marvelheroes,,,0,0.0,,0,0,,0.0,0.0,0.0,0.0,0.0,0.0,0.0,0.0,0.0,0.0
gravityventures,,,,,0,0.0,,0,0,,0.0,0.0,0.0,0.0,0.0,0.0,0.0,0.0,0.0,0.0
fabricly,,,,,0,0.0,,0,0,,0.0,0.0,0.0,0.0,0.0,0.0,0.0,0.0,0.0,0.0
winstonpharmaceuticals,,winstonlabs,,1.4,9,178678.8,0.25620608667036937,0,0,,2.0,1200.0,80.7,53400.0,6.3,89.8,30600.0,51000.0,42300.0,0.0
spotdock,,,,,0,0.0,,0,0,,0.0,0.0,0.0,0.0,0.0,0.0,0.0,0.0,0.0,0.0
truckingoffice,,,,,0,0.0,,0,0,,0.0,0.0,0.0,0.0,0.0,0.0,0.0,0.0,0.0,0.0
surgeaccelerator,,,,5.7,10,97.7,0.1676544138522769,0,0,,4.4,30.2,15.8,6.9,10.1,10.0,5.0,11.7,2.6,1.0
azimadli,,,,16.9,9,36248.2,0.991842609165794,0,0,,22.1,24.9,1.0,7.5,13.7,32.0,35.0,12.0,36100.0,0.0
fobo,,,,4.4,8,72.2,0.4420047421367239,0,0,,2.0,4.4,3.5,3.0,3.0,46.8,7.5,2.0,0.0,0.0
catalystsecure,,,,23.8,9,602.9,0.29779004508011686,0,0,,16.4,280.0,156.0,53.9,1.7,25.8,30.0,19.8,19.3,0.0
netelement,,,,62.8,10,17513.4,0.7911318076949019,0,0,,12.0,10.0,1500.0,8.5,20.0,49.2,14.0,15500.0,10.0,389.7
eroi,,emailroi,,1.0,8,109.9,0.2213237114392189,0,0,,38.0,4.7,2.9,6.0,20.0,25.6,2.7,10.0,0.0,0.0
resumesponge,,,,,0,0.0,,0,0,,0.0,0.0,0.0,0.0,0.0,0.0,0.0,0.0,0.0,0.0
nanolumens,,,,28.9,10,388710.0,0.41487749954235725,0,0,,15.0,2.0,60000.0,3.0,3400.0,232000.0,90.0,69500.0,3500.0,20200.0
videoreadr,,,,,0,0.0,,0,0,,0.0,0.0,0.0,0.0,0.0,0.0,0.0,0.0,0.0,0.0
kuehnleagrosystems,,kuehnleagro,,,0,0.0,,0,0,,0.0,0.0,0.0,0.0,0.0,0.0,0.0,0.0,0.0,0.0
tetrisonline,,,,8.0,6,65.5,0.41904084843540584,0,0,,10.0,40.3,4.9,3.0,1.0,6.3,0.0,0.0,0.0,0.0
omidyartechnologyventures,,omidyarventures,,,0,0.0,,0,0,,0.0,0.0,0.0,0.0,0.0,0.0,0.0,0.0,0.0,0.0
collagecom,,,,,0,0.0,,0,0,,0.0,0.0,0.0,0.0,0.0,0.0,0.0,0.0,0.0,0.0
legalsifter,,,,2.2,9,40.4,0.2143049701009705,0,0,,15.7,5.0,1.0,2.7,2.0,5.0,1.0,2.0,6.0,0.0
clevelexecuitvesreachtheunreachable,,,,,0,0.0,,0,0,,0.0,0.0,0.0,0.0,0.0,0.0,0.0,0.0,0.0,0.0
bisresearch,,,,9.5,9,169.0,0.19150870067574666,0,0,,41.5,22.5,15.7,5.0,8.0,26.3,1.0,47.0,2.0,0.0
papumba,,,,,0,0.0,,0,0,,0.0,0.0,0.0,0.0,0.0,0.0,0.0,0.0,0.0,0.0
jdlab,,jdcolorlab,,,0,0.0,,0,0,,0.0,0.0,0.0,0.0,0.0,0.0,0.0,0.0,0.0,0.0
investfeedcom,,,,,0,0.0,,0,0,,0.0,0.0,0.0,0.0,0.0,0.0,0.0,0.0,0.0,0.0
opentest,,useloom,,5.0,9,1915.0,0.5040392176645829,0,0,,5.0,7.0,1.6,7.1,50.0,203.5,338.2,2.6,1300.0,0.0
creditera,,,,4.0,10,1298.7,0.4275602847251419,0,0,,20.0,5.0,43.0,5.0,9.0,694.8,1.2,2.0,34.1,484.6
potentialabs,,potentiaapp,,,0,0.0,,0,0,,0.0,0.0,0.0,0.0,0.0,0.0,0.0,0.0,0.0,0.0
onpatient,,,,,0,0.0,,0,0,,0.0,0.0,0.0,0.0,0.0,0.0,0.0,0.0,0.0,0.0
fitnet,,,,3.1,8,290.6,0.6339481311419192,0,0,,1.0,3.5,3.0,228.9,12.0,30.0,6.1,6.1,0.0,0.0
augurysystems,,,,,0,0.0,,0,0,,0.0,0.0,0.0,0.0,0.0,0.0,0.0,0.0,0.0,0.0
agilebio,,,,4.5,1,1.0,0.7024793388429752,0,0,,1.0,0.0,0.0,0.0,0.0,0.0,0.0,0.0,0.0,0.0
tellspec,,,,9.5,9,56.0,0.3194515306122449,0,0,,5.0,4.1,1.7,3.7,30.1,3.6,3.8,1.0,3.0,0.0
enlabdevelopmentstudio,,,,,0,0.0,,0,1,,0.0,0.0,0.0,0.0,0.0,0.0,0.0,0.0,0.0,0.0
chefsforseniors,,,,,0,0.0,,0,1,,0.0,0.0,0.0,0.0,0.0,0.0,0.0,0.0,0.0,0.0
silktours,,,,,0,0.0,,0,1,,0.0,0.0,0.0,0.0,0.0,0.0,0.0,0.0,0.0,0.0
petglad,,,,,0,0.0,,0,1,,0.0,0.0,0.0,0.0,0.0,0.0,0.0,0.0,0.0,0.0
evolvtechnologies,,evolvtechnology,,6.5,10,909.4,0.37284706529447903,0,1,,57.6,50.0,3.1,1.6,38.9,30.0,533.9,29.5,99.8,65.0
webee,,webeelife,,,0,0.0,,0,1,,0.0,0.0,0.0,0.0,0.0,0.0,0.0,0.0,0.0,0.0
klhe,,,,,0,0.0,,0,1,,0.0,0.0,0.0,0.0,0.0,0.0,0.0,0.0,0.0,0.0
tvamediagroup,,,,,0,0.0,,0,1,,0.0,0.0,0.0,0.0,0.0,0.0,0.0,0.0,0.0,0.0
vroomcom,,,,,0,0.0,,0,1,,0.0,0.0,0.0,0.0,0.0,0.0,0.0,0.0,0.0,0.0
castifi,,,,,0,0.0,,0,1,,0.0,0.0,0.0,0.0,0.0,0.0,0.0,0.0,0.0,0.0
sparkfinance,,,,,0,0.0,,0,1,,0.0,0.0,0.0,0.0,0.0,0.0,0.0,0.0,0.0,0.0
savalabs,,,,,0,0.0,,0,1,,0.0,0.0,0.0,0.0,0.0,0.0,0.0,0.0,0.0,0.0
itmmobile,,,,,0,0.0,,0,1,,0.0,0.0,0.0,0.0,0.0,0.0,0.0,0.0,0.0,0.0
saviantconsulting,,,,3.5,10,277.0,0.5598451693623011,0,0,,7.0,4.9,4.3,3.8,204.9,2.8,21.4,19.0,4.5,4.4
turbotenant,,,,2.0,10,1174.2,0.5312809112491554,0,0,,3.4,5.0,36.5,10.7,190.1,73.3,15.0,5.0,5.0,830.2
bizmo,,,,,0,0.0,,0,0,,0.0,0.0,0.0,0.0,0.0,0.0,0.0,0.0,0.0,0.0
girnarsoft,,,,5.0,9,458.9,0.6187516919789006,0,0,,6.2,27.4,16.0,7.0,1.1,7.1,32.4,357.9,3.8,0.0
traknprotect,,,,1.4,10,831.1,0.25317223278347467,0,0,,4.8,8.4,179.6,12.3,173.0,106.1,1.4,5.0,317.2,23.3
gandainnovativesolutions,,,,,0,0.0,,0,0,,0.0,0.0,0.0,0.0,0.0,0.0,0.0,0.0,0.0,0.0
loanly,,,,,0,0.0,,0,0,,0.0,0.0,0.0,0.0,0.0,0.0,0.0,0.0,0.0,0.0
rentlogic,,,,,0,0.0,,0,0,,0.0,0.0,0.0,0.0,0.0,0.0,0.0,0.0,0.0,0.0
edifa,,,,,0,0.0,,0,0,,0.0,0.0,0.0,0.0,0.0,0.0,0.0,0.0,0.0,0.0
socialix,,,,2.0,8,35.3,0.22098724811209464,0,0,,14.0,1.8,6.2,2.5,3.8,2.0,2.0,3.0,0.0,0.0
edusontv,,,,,0,0.0,,0,0,,0.0,0.0,0.0,0.0,0.0,0.0,0.0,0.0,0.0,0.0
cinescout,,,,,0,0.0,,0,0,,0.0,0.0,0.0,0.0,0.0,0.0,0.0,0.0,0.0,0.0
tiinkk,,,,1.0,9,513.1,0.6985061929009361,0,0,,8.0,4.6,5.0,1.0,427.0,27.8,10.0,23.3,6.4,0.0
resectechnologies,,,,11.4,10,1546.9,0.3223346883323701,0,0,,60.0,64.1,96.0,24.0,213.7,13.4,10.0,200.0,50.0,815.7
june,,,,,0,0.0,,0,0,,0.0,0.0,0.0,0.0,0.0,0.0,0.0,0.0,0.0,0.0
beatgasm,,,,,0,0.0,,0,0,,0.0,0.0,0.0,0.0,0.0,0.0,0.0,0.0,0.0,0.0
blockstack,,,,1.0,9,50.7,0.19066014650903135,0,0,,11.0,4.0,9.0,2.2,3.0,1.0,1.0,4.0,15.5,0.0
outerplaces,,,,5.8,9,49.6,0.2600481269510926,0,0,,6.0,6.0,1.0,22.6,5.0,5.0,2.0,1.0,1.0,0.0
votifysocialvotingapp,,,,,0,0.0,,0,0,,0.0,0.0,0.0,0.0,0.0,0.0,0.0,0.0,0.0,0.0
showoffcom,,,,,0,0.0,,0,0,,0.0,0.0,0.0,0.0,0.0,0.0,0.0,0.0,0.0,0.0
mysalespeep,,,,,0,0.0,,0,0,,0.0,0.0,0.0,0.0,0.0,0.0,0.0,0.0,0.0,0.0
designerthemescom,,,,,0,0.0,,0,0,,0.0,0.0,0.0,0.0,0.0,0.0,0.0,0.0,0.0,0.0
buhz,,,,,0,0.0,,0,0,,0.0,0.0,0.0,0.0,0.0,0.0,0.0,0.0,0.0,0.0
dormillo,,,,,0,0.0,,0,0,,0.0,0.0,0.0,0.0,0.0,0.0,0.0,0.0,0.0,0.0
hopin,,,,,0,0.0,,0,0,,0.0,0.0,0.0,0.0,0.0,0.0,0.0,0.0,0.0,0.0
kairoswatches,,,,1.0,6,190.5,0.889681663807772,0,0,,4.4,2.0,179.6,1.0,1.5,2.0,0.0,0.0,0.0,0.0
ultradia,,,,,0,0.0,,0,0,,0.0,0.0,0.0,0.0,0.0,0.0,0.0,0.0,0.0,0.0
cooperatize,,,,,0,0.0,,0,0,,0.0,0.0,0.0,0.0,0.0,0.0,0.0,0.0,0.0,0.0
wishinguwell,,,,,0,0.0,,0,0,,0.0,0.0,0.0,0.0,0.0,0.0,0.0,0.0,0.0,0.0
lateralsv,,,,,0,0.0,,0,0,,0.0,0.0,0.0,0.0,0.0,0.0,0.0,0.0,0.0,0.0
rsvplaw,,,,,0,0.0,,0,0,,0.0,0.0,0.0,0.0,0.0,0.0,0.0,0.0,0.0,0.0
teamblind,,,,1.1,10,2882.4,0.33965013745599637,0,0,,10.0,7.0,8.3,338.2,1300.0,69.3,17.0,107.6,1000.0,25.0
vibby,,,,,0,0.0,,0,0,,0.0,0.0,0.0,0.0,0.0,0.0,0.0,0.0,0.0,0.0
zipier,,,,,0,0.0,,0,0,,0.0,0.0,0.0,0.0,0.0,0.0,0.0,0.0,0.0,0.0
cellagain,,,,,0,0.0,,0,0,,0.0,0.0,0.0,0.0,0.0,0.0,0.0,0.0,0.0,0.0
jisto,,,,1.0,10,93614.4,0.26020386062270845,0,0,,16100.0,46.5,2200.0,369.5,100.0,11400.0,8400.0,498.4,40100.0,14400.0
fashiongps,,,,2.7,4,60.0,0.41960555555555556,0,0,,25.8,28.7,4.5,1.0,0.0,0.0,0.0,0.0,0.0,0.0
flashmit,,,,,0,0.0,,0,0,,0.0,0.0,0.0,0.0,0.0,0.0,0.0,0.0,0.0,0.0
foodcrave,,,,4.0,10,99.6,0.23512523991548523,0,0,,14.6,6.6,3.4,5.7,4.8,42.6,12.6,5.1,2.5,1.7
teleretailcorporation,,,,,0,0.0,,0,0,,0.0,0.0,0.0,0.0,0.0,0.0,0.0,0.0,0.0,0.0
urbanbound,,,,5.3,10,9053.7,0.4889368587652745,0,0,,1500.0,664.1,80.0,6100.0,4.1,60.0,350.0,169.5,125.0,1.0
gogig,,,,,0,0.0,,0,0,,0.0,0.0,0.0,0.0,0.0,0.0,0.0,0.0,0.0,0.0
waypointmedia,,,,4.4,9,113.8,0.18942831286041245,0,0,,1.0,1.2,10.7,1.2,20.4,35.2,18.5,15.0,10.6,0.0
autolotto,,,,1.5,4,17.5,0.3159183673469388,0,0,,2.5,4.5,2.5,8.0,0.0,0.0,0.0,0.0,0.0,0.0
flyspansystems,,,,,0,0.0,,0,0,,0.0,0.0,0.0,0.0,0.0,0.0,0.0,0.0,0.0,0.0
fusion3design,,,,,0,0.0,,0,0,,0.0,0.0,0.0,0.0,0.0,0.0,0.0,0.0,0.0,0.0
autopilot2,,,,,0,0.0,,0,0,,0.0,0.0,0.0,0.0,0.0,0.0,0.0,0.0,0.0,0.0
linguistiko,,,,,0,0.0,,0,0,,0.0,0.0,0.0,0.0,0.0,0.0,0.0,0.0,0.0,0.0
creativwire,,,,,0,0.0,,0,0,,0.0,0.0,0.0,0.0,0.0,0.0,0.0,0.0,0.0,0.0
icecreamlabs,,,,1.0,9,110.9,0.2075054415833727,0,0,,11.0,3.1,30.0,3.9,7.0,2.0,1.0,31.6,21.3,0.0
tenantturner,,,,1.0,10,1851.3,0.34192491258359986,0,0,,36.5,190.1,73.3,37.5,5.0,830.2,662.0,3.4,2.6,10.7
thecounterrhythmgroup,,,,,0,0.0,,0,0,,0.0,0.0,0.0,0.0,0.0,0.0,0.0,0.0,0.0,0.0
joto,,,,,0,0.0,,0,0,,0.0,0.0,0.0,0.0,0.0,0.0,0.0,0.0,0.0,0.0
monkey,,,,1.0,10,2045.8,0.36889547477918433,0,0,,5.8,99.0,4.1,950.0,1.0,782.5,17.0,3.5,57.9,125.0
logfuze,,,,1.0,10,4002.6,0.4626444642292158,0,0,,19.5,4.9,5.5,9.8,72.4,1600.0,5.0,7.5,2200.0,78.0
questis,,myquestis,,5.0,9,119.9,0.18535810701300293,0,0,,5.0,12.5,5.0,1.0,13.7,16.7,22.8,5.2,38.0,0.0
roadie2,,,,,0,0.0,,0,0,,0.0,0.0,0.0,0.0,0.0,0.0,0.0,0.0,0.0,0.0
sensel,,,,,0,0.0,,0,0,,0.0,0.0,0.0,0.0,0.0,0.0,0.0,0.0,0.0,0.0
assessmentscom,,,,,0,0.0,,0,0,,0.0,0.0,0.0,0.0,0.0,0.0,0.0,0.0,0.0,0.0
eekoh,,,,,0,0.0,,0,0,,0.0,0.0,0.0,0.0,0.0,0.0,0.0,0.0,0.0,0.0
osmo,,,,,0,0.0,,0,0,,0.0,0.0,0.0,0.0,0.0,0.0,0.0,0.0,0.0,0.0
pintip,,,,,0,0.0,,0,0,,0.0,0.0,0.0,0.0,0.0,0.0,0.0,0.0,0.0,0.0
vinowine,,,,,0,0.0,,0,0,,0.0,0.0,0.0,0.0,0.0,0.0,0.0,0.0,0.0,0.0
yuggler,,,,1.5,9,77.2,0.38282235764718514,0,0,,4.5,1.1,1.0,2.0,5.0,3.0,45.0,1.7,13.9,0.0
renderpicturesentertainment,,,,,0,0.0,,0,0,,0.0,0.0,0.0,0.0,0.0,0.0,0.0,0.0,0.0,0.0
venux,,,,,0,0.0,,0,0,,0.0,0.0,0.0,0.0,0.0,0.0,0.0,0.0,0.0,0.0
ivoryrow,,,,,0,0.0,,0,0,,0.0,0.0,0.0,0.0,0.0,0.0,0.0,0.0,0.0,0.0
appsco,,,,,0,0.0,,0,0,,0.0,0.0,0.0,0.0,0.0,0.0,0.0,0.0,0.0,0.0
skeino,,,,,0,0.0,,0,0,,0.0,0.0,0.0,0.0,0.0,0.0,0.0,0.0,0.0,0.0
adwill,,,,,0,0.0,,0,0,,0.0,0.0,0.0,0.0,0.0,0.0,0.0,0.0,0.0,0.0
gizmogul,,,,,0,0.0,,0,0,,0.0,0.0,0.0,0.0,0.0,0.0,0.0,0.0,0.0,0.0
nextbuy,,nextbuy24,,,0,0.0,,0,0,,0.0,0.0,0.0,0.0,0.0,0.0,0.0,0.0,0.0,0.0
masterclass,,masterclass,,,0,0.0,,0,0,,0.0,0.0,0.0,0.0,0.0,0.0,0.0,0.0,0.0,0.0
rpmarketplace,,,,3.1,10,242.7,0.24084749765250804,0,0,,4.4,30.0,3.8,100.0,40.0,15.0,4.1,3.8,4.5,37.1
menyooo,,,,,0,0.0,,0,0,,0.0,0.0,0.0,0.0,0.0,0.0,0.0,0.0,0.0,0.0
sayist,,,,3.8,10,229.7,0.20150433767881445,0,0,,7.5,75.0,38.6,50.0,5.0,10.0,9.9,3.2,3.8,26.7
coachseek,,,,,0,0.0,,0,0,,0.0,0.0,0.0,0.0,0.0,0.0,0.0,0.0,0.0,0.0
camerama,,,,,0,0.0,,0,0,,0.0,0.0,0.0,0.0,0.0,0.0,0.0,0.0,0.0,0.0
play2shopcom,,,,,0,0.0,,0,0,,0.0,0.0,0.0,0.0,0.0,0.0,0.0,0.0,0.0,0.0
bydsea,,,,,0,0.0,,0,0,,0.0,0.0,0.0,0.0,0.0,0.0,0.0,0.0,0.0,0.0
combatantgentlemen,,combatgent,,5.3,10,98284.4,0.2653967953405735,0,0,,196.4,1.0,2400.0,3400.0,29700.0,87.0,3800.0,1300.0,29300.0,28100.0
casamatic,,,,1.0,10,871.5,0.41852408568788724,0,0,,3.5,24.5,277.5,4.0,55.0,10.0,4.1,5.0,486.9,1.0
rushorder,,,,,0,0.0,,0,0,,0.0,0.0,0.0,0.0,0.0,0.0,0.0,0.0,0.0,0.0
atomized,,,,19.2,9,326.3,0.4396059647404864,0,0,,12.9,70.0,6.2,12.5,2.0,203.5,6.0,5.0,8.2,0.0
planday,,,,1.4,9,90.6,0.4973149325809297,0,0,,5.2,5.5,7.8,2.9,1.0,1.0,2.4,62.8,2.0,0.0
saiseinetworks,,saisei,,9.5,10,2181.2,0.2980681420466895,0,0,,269.5,75.0,21.0,181.4,20.0,182.5,229.1,101.5,1.2,1100.0
writelab,,,,3.8,9,865.0,0.6669449964916968,0,0,,1.0,127.7,7.8,694.5,3.0,4.8,3.9,15.0,7.3,0.0
veryapt,,,,1.5,10,395.8,0.5173355094587152,0,0,,24.5,55.0,277.5,1.0,3.8,4.0,4.9,1.5,18.0,5.6
galvanize2,,,,,0,0.0,,0,0,,0.0,0.0,0.0,0.0,0.0,0.0,0.0,0.0,0.0,0.0
tronicfm,,,,,0,0.0,,0,0,,0.0,0.0,0.0,0.0,0.0,0.0,0.0,0.0,0.0,0.0
colorgenomics,,getcolor,,10.0,10,57344.0,0.9811414453204796,0,0,,30.0,65.0,4.0,20.0,40.0,134.0,4.6,10.0,56800.0,236.4
zoomph,,,,10.0,10,176.9,0.2228490097499138,0,0,,15.3,38.0,3.9,1.0,27.0,5.8,65.9,2.0,11.0,7.0
bbgventures,,,,3.0,8,68.9,0.157677878164227,0,0,,12.4,7.7,11.3,10.3,1.6,6.3,3.6,15.7,0.0,0.0
resultscom,,,,,0,0.0,,0,0,,0.0,0.0,0.0,0.0,0.0,0.0,0.0,0.0,0.0,0.0
grikly,,grik,,,0,0.0,,0,0,,0.0,0.0,0.0,0.0,0.0,0.0,0.0,0.0,0.0,0.0
yoi,,,,,0,0.0,,0,0,,0.0,0.0,0.0,0.0,0.0,0.0,0.0,0.0,0.0,0.0
doggybnb,,,,4.0,10,201.0,0.21631147743867726,0,0,,38.2,12.3,1.0,55.1,1.6,39.7,50.1,1.0,1.0,1.0
3top,,,,,0,0.0,,0,0,,0.0,0.0,0.0,0.0,0.0,0.0,0.0,0.0,0.0,0.0
draft2,,,,,0,0.0,,0,0,,0.0,0.0,0.0,0.0,0.0,0.0,0.0,0.0,0.0,0.0
givetoken,,,,,0,0.0,,0,0,,0.0,0.0,0.0,0.0,0.0,0.0,0.0,0.0,0.0,0.0
xcursn,,,,,0,0.0,,0,0,,0.0,0.0,0.0,0.0,0.0,0.0,0.0,0.0,0.0,0.0
sqoop,,,,1.0,10,106.5,0.23489078445634684,0,0,,3.1,4.4,2.8,44.9,12.5,5.0,16.0,12.4,4.4,1.0
sofive,,,,,0,0.0,,0,0,,0.0,0.0,0.0,0.0,0.0,0.0,0.0,0.0,0.0,0.0
callr,,,,8.3,10,751.5,0.45728457035806414,0,0,,95.0,10.0,25.0,493.1,13.1,2.0,66.3,20.7,11.0,15.3
wazala,,,,1.0,8,121.0,0.19222867290485623,0,0,,3.0,12.1,33.8,4.4,27.2,24.9,10.6,5.0,0.0,0.0
hyperscience,,,,2.0,10,313.2,0.5524872816181664,0,0,,3.0,1.0,5.9,32.8,9.4,7.0,3.0,229.1,1.0,21.0
wevorce,,,,4.4,10,2915.8,0.9223904698908794,0,0,,8.2,8.0,10.0,3.0,21.3,7.0,30.0,2800.0,11.1,17.2
protoventuretechnology,,,,,0,0.0,,0,0,,0.0,0.0,0.0,0.0,0.0,0.0,0.0,0.0,0.0,0.0
waraireboswellindustries,,,,,0,0.0,,0,0,,0.0,0.0,0.0,0.0,0.0,0.0,0.0,0.0,0.0,0.0
endorsevent,,,,,0,0.0,,0,0,,0.0,0.0,0.0,0.0,0.0,0.0,0.0,0.0,0.0,0.0
habitatstudentmarketplace,,,,,0,0.0,,0,0,,0.0,0.0,0.0,0.0,0.0,0.0,0.0,0.0,0.0,0.0
revfluence,,,,3.0,10,64.1,0.1661040544585902,0,0,,14.0,7.0,6.2,3.8,2.0,3.0,2.0,6.0,18.1,2.0
scripbe,,,,,0,0.0,,0,0,,0.0,0.0,0.0,0.0,0.0,0.0,0.0,0.0,0.0,0.0
sourcegraph,,,,3.0,10,7427.1,0.47584783370072614,0,0,,8.0,43.3,11.0,44.2,20.0,55.6,3200.0,4000.0,30.0,15.0
payboard,,,,,0,0.0,,0,0,,0.0,0.0,0.0,0.0,0.0,0.0,0.0,0.0,0.0,0.0
qleek,,,,,0,0.0,,0,0,,0.0,0.0,0.0,0.0,0.0,0.0,0.0,0.0,0.0,0.0
acclaim,,,,28.1,1,12.2,0.5778312778232734,0,0,,12.2,0.0,0.0,0.0,0.0,0.0,0.0,0.0,0.0,0.0
classwork,,,,,0,0.0,,0,0,,0.0,0.0,0.0,0.0,0.0,0.0,0.0,0.0,0.0,0.0
herringbone,,,,,0,0.0,,0,0,,0.0,0.0,0.0,0.0,0.0,0.0,0.0,0.0,0.0,0.0
prizmiq,,,,,0,0.0,,0,0,,0.0,0.0,0.0,0.0,0.0,0.0,0.0,0.0,0.0,0.0
inappad,,,,,0,0.0,,0,0,,0.0,0.0,0.0,0.0,0.0,0.0,0.0,0.0,0.0,0.0
wardrobewakeup,,,,,0,0.0,,0,0,,0.0,0.0,0.0,0.0,0.0,0.0,0.0,0.0,0.0,0.0
bestimators,,,,,0,0.0,,0,0,,0.0,0.0,0.0,0.0,0.0,0.0,0.0,0.0,0.0,0.0
silverwing,,silverwingndt,,1.0,8,1144.8,0.4690310539169366,0,0,,18.2,749.2,167.4,50.0,150.0,5.0,4.0,1.0,0.0,0.0
moneylion,,,,3.7,10,251.6,0.45703902022287884,0,0,,165.7,17.0,30.5,5.0,3.8,8.0,10.0,5.0,5.0,1.6
ontopic,,ontopicshow,,,0,0.0,,0,1,,0.0,0.0,0.0,0.0,0.0,0.0,0.0,0.0,0.0,0.0
zumaventures,,,,,0,0.0,,0,1,,0.0,0.0,0.0,0.0,0.0,0.0,0.0,0.0,0.0,0.0
avox2,,,,,0,0.0,,0,1,,0.0,0.0,0.0,0.0,0.0,0.0,0.0,0.0,0.0,0.0
keanr,,,,,0,0.0,,0,1,,0.0,0.0,0.0,0.0,0.0,0.0,0.0,0.0,0.0,0.0
bentpixels,,,,,0,0.0,,0,1,,0.0,0.0,0.0,0.0,0.0,0.0,0.0,0.0,0.0,0.0
trinitypharmasolutions,,,,,0,0.0,,0,1,,0.0,0.0,0.0,0.0,0.0,0.0,0.0,0.0,0.0,0.0
advancedwearabledevices,,,,,0,0.0,,0,1,,0.0,0.0,0.0,0.0,0.0,0.0,0.0,0.0,0.0,0.0
parionsciences,,parion,,1.0,8,354.4,0.32996123547126355,0,1,,5.0,50.4,17.5,189.9,27.6,13.3,13.4,37.3,0.0,0.0
ivincipartners,,visitpay,,5.0,10,466.7,0.5585964374548715,0,1,,40.0,4.0,8.0,4.0,12.7,345.0,20.0,7.3,13.7,12.0
moneero,,,,,0,0.0,,0,1,,0.0,0.0,0.0,0.0,0.0,0.0,0.0,0.0,0.0,0.0
proteamedical,,protealife,,,0,0.0,,0,1,,0.0,0.0,0.0,0.0,0.0,0.0,0.0,0.0,0.0,0.0
lacoonsecurity,,lacoon,,1.0,10,382.1,0.6831213008237442,0,1,,8.5,3.5,1.9,19.1,5.9,2.7,4.0,8.5,314.6,13.4
airtouchcommunications,,,,,0,0.0,,0,1,,0.0,0.0,0.0,0.0,0.0,0.0,0.0,0.0,0.0,0.0
solidinteractive,,thinksolid,,4.4,8,79.6,0.3302284033231484,0,1,,7.5,4.2,1.4,2.4,42.6,3.9,5.2,12.4,0.0,0.0
graybug,,,,28.6,9,38.6,0.16517221938843996,0,0,,2.0,10.0,7.5,6.7,1.0,3.0,5.0,1.4,2.0,0.0
highperformancesystemscorporation,,,,,0,0.0,,0,0,,0.0,0.0,0.0,0.0,0.0,0.0,0.0,0.0,0.0,0.0
mongoosemetrics,,,,1.0,9,197.3,0.3085323946259809,0,0,,11.0,20.7,13.1,15.3,103.3,3.1,10.0,15.8,5.0,0.0
nventi,,,,5.7,7,105.1,0.2515867720561542,0,0,,3.8,18.8,4.4,5.3,5.6,39.7,27.5,0.0,0.0,0.0
supplychainconnect,,,,,0,0.0,,0,0,,0.0,0.0,0.0,0.0,0.0,0.0,0.0,0.0,0.0,0.0
bioconsortia,,,,1.0,8,13436.7,0.9945460538490851,0,0,,6.0,3.0,10.0,5.0,4.0,5.0,3.7,13400.0,0.0,0.0
colonialbankfsb,,,,17.9,10,913.8,0.743083593455587,0,0,,5.0,21.0,1.6,4.3,13.4,13.2,10.2,31.8,27.3,786.0
livongohealth,,livongo,,30.0,9,96.8,0.2455155897821187,0,0,,25.0,5.0,10.0,6.5,3.0,7.3,1.0,38.0,1.0,0.0
paracosm,,,,1.2,9,77.2,0.34461663400359743,0,0,,3.0,4.0,3.0,2.0,17.7,41.0,1.0,4.4,1.1,0.0
extremeplasticsplus,,,,5.0,3,34.0,0.43771626297577854,0,0,,20.0,5.0,9.0,0.0,0.0,0.0,0.0,0.0,0.0,0.0
pronutria,,,,,0,0.0,,0,0,,0.0,0.0,0.0,0.0,0.0,0.0,0.0,0.0,0.0,0.0
